        0   0.9799   0.9897   0.9927   0.9939   0.9942   0.9939   0.9928   0.9899   0.9804
        0   0.4893   0.6826   0.7598   0.7928   0.8022   0.7929   0.7601   0.6832   0.4909
        0   0.2741   0.4566   0.5572   0.6064   0.6213   0.6066   0.5576   0.4573   0.2753
        0   0.1746   0.3124   0.4030   0.4526   0.4683   0.4528   0.4034   0.3130   0.1754
        0   0.1181   0.2179   0.2897   0.3319   0.3457   0.3320   0.2900   0.2184   0.1187
        0   0.0817   0.1529   0.2065   0.2393   0.2503   0.2394   0.2068   0.1532   0.0821
        0   0.0563   0.1061   0.1446   0.1686   0.1768   0.1687   0.1447   0.1064   0.0566
        0   0.0376   0.0711   0.0974   0.1139   0.1196   0.1140   0.0975   0.0713   0.0378
        0   0.0230   0.0437   0.0599   0.0703   0.0738   0.0703   0.0600   0.0438   0.0232
        0   0.0110   0.0208   0.0285   0.0335   0.0352   0.0335   0.0286   0.0208   0.0110
