1 -0.0453794 -0.0639505 0.0245649 0.0290258 -0.0226232 -0.0153662 0.0221082 0.00687824 -0.021944 
1 0.0153984 -0.00523878 0.00415172 0.00291332 -0.00311476 -0.00160037 0.00282268 0.000724585 -0.00272813 
1 0.112965 0.00123121 0.000540971 0.000260005 -0.000397876 -0.000156008 0.000348821 7.27043e-05 -0.000331958 
1 0.196625 0.0098018 0.000168653 2.17197e-05 -4.77713e-05 -1.43516e-05 4.18125e-05 6.96659e-06 -3.95718e-05 
1 0.263545 0.0253459 0.000802836 9.45519e-06 -5.47265e-06 -1.26229e-06 4.88369e-06 6.40823e-07 -4.63004e-06 
1 0.31731 0.0455002 0.0027005 6.34771e-05 -4.2599e-08 -1.05593e-07 5.58909e-07 5.69685e-08 -5.33038e-07 
1 0.36131 0.0678891 0.00616997 0.00026074 4.94231e-06 3.4231e-08 6.31673e-08 4.92901e-09 -6.05456e-08 
1 0.398025 0.0909689 0.0112299 0.000723234 2.38049e-05 3.95147e-07 1.03219e-08 4.31336e-10 -6.80287e-09 
1 0.429195 0.113846 0.0177061 0.0015654 7.7226e-05 2.10138e-06 3.20807e-08 2.88858e-10 -7.56727e-10 
1 0.456057 0.136037 0.0253473 0.00286911 0.000193942 7.74421e-06 1.81448e-07 2.48173e-09 -6.4117e-11 
1 0.4795 0.157299 0.0338949 0.00467773 0.000406952 2.20905e-05 7.43108e-07 1.54176e-08 1.87436e-10 
1 0.500184 0.17753 0.0431144 0.00700094 0.00074896 5.22787e-05 2.36543e-06 6.90604e-08 1.29568e-09 
1 0.518605 0.196706 0.0528075 0.00982327 0.00124883 0.000107511 6.2285e-06 2.41756e-07 6.26562e-09 
1 0.535143 0.214847 0.0628118 0.0131127 0.00192954 0.000198402 1.41697e-05 6.99907e-07 2.38277e-08 
1 0.550097 0.231998 0.072998 0.0168274 0.00280744 0.000336194 2.87308e-05 1.745e-06 7.5048e-08 
1 0.563703 0.248213 0.0832645 0.0209213 0.00389242 0.000532006 5.31213e-05 3.85961e-06 2.03241e-07 
1 0.57615 0.263552 0.0935325 0.0253473 0.00518861 0.00079623 9.11116e-05 7.7442e-06 4.8676e-07 
1 0.587594 0.278076 0.103742 0.0300596 0.00669531 0.0011381 0.000146882 1.43387e-05 1.0534e-06 
1 0.598161 0.291841 0.113846 0.035015 0.00840799 0.0015654 0.000224851 2.48264e-05 2.09471e-06 
1 0.607959 0.304902 0.123812 0.0401739 0.0103192 0.0020844 0.000329507 4.06212e-05 3.87838e-06 
1 0.617075 0.317311 0.133614 0.0455003 0.0124193 0.0026998 0.000465258 6.33405e-05 6.75737e-06 
1 0.625585 0.329114 0.143235 0.0509619 0.0146974 0.00341479 0.000636299 9.47675e-05 1.11747e-05 
1 0.633553 0.340356 0.152661 0.0565303 0.0171416 0.00423123 0.000846516 0.000136808 1.76635e-05 
1 0.641035 0.351076 0.161886 0.0621801 0.0197395 0.00514975 0.00109941 0.000191443 2.68428e-05 
1 0.648077 0.36131 0.170904 0.0678892 0.0224789 0.0061699 0.00139807 0.000260686 3.94094e-05 
1 0.654721 0.371093 0.179712 0.0736383 0.0253473 0.00729036 0.00174511 0.000346539 5.61258e-05 
1 0.661003 0.380455 0.188313 0.0794106 0.028333 0.00850904 0.0021427 0.000450953 7.78072e-05 
1 0.666955 0.389424 0.196706 0.0851917 0.0314243 0.00982327 0.00259257 0.000575799 0.000105306 
1 0.672604 0.398025 0.204894 0.0909689 0.0346106 0.0112299 0.00309598 0.000722837 0.000139496 
1 0.677975 0.406282 0.212881 0.0967316 0.0378813 0.0127253 0.00365383 0.000893699 0.000181259 
1 0.683091 0.414216 0.220671 0.10247 0.0412268 0.0143059 0.00426661 0.00108987 0.000231466 
1 0.687971 0.421848 0.228269 0.108178 0.0446382 0.0159675 0.00493449 0.00131268 0.000290968 
1 0.692633 0.429195 0.23568 0.113846 0.0481068 0.017706 0.00565732 0.0015633 0.000360582 
1 0.697092 0.436275 0.242908 0.119471 0.051625 0.0195174 0.00643467 0.00184272 0.000441083 
1 0.701362 0.443102 0.24996 0.125047 0.0551855 0.0213975 0.00726588 0.00215179 0.000533191 
1 0.705457 0.449692 0.256839 0.13057 0.0587817 0.0233421 0.00815008 0.00249116 0.00063757 
1 0.709388 0.456057 0.263552 0.136037 0.0624074 0.0253471 0.0090862 0.00286137 0.000754818 
1 0.713166 0.462209 0.270105 0.141446 0.066057 0.0274087 0.010073 0.00326276 0.000885468 
1 0.716801 0.46816 0.2765 0.146793 0.0697253 0.0295228 0.0111093 0.00369557 0.00102998 
1 0.7203 0.47392 0.282745 0.152078 0.0734077 0.0316859 0.0121934 0.00415988 0.00118875 
1 0.723674 0.4795 0.288844 0.157299 0.0770998 0.0338941 0.013324 0.00465564 0.00136209 
1 0.726928 0.484908 0.294802 0.162455 0.0807976 0.0361441 0.0144994 0.00518271 0.00155027 
1 0.73007 0.490153 0.300623 0.167546 0.0844977 0.0384326 0.015718 0.00574083 0.00175346 
1 0.733106 0.495243 0.306312 0.172571 0.0881967 0.0407562 0.0169781 0.00632963 0.0019718 
1 0.736042 0.500184 0.311873 0.17753 0.0918918 0.0431121 0.018278 0.00694866 0.00220533 
1 0.738883 0.504985 0.31731 0.182422 0.0955801 0.0454972 0.019616 0.00759742 0.00245406 
1 0.741634 0.509651 0.322629 0.187249 0.0992594 0.0479088 0.0209903 0.0082753 0.00271795 
1 0.7443 0.51419 0.327831 0.19201 0.102927 0.0503444 0.0223993 0.00898165 0.00299689 
1 0.746886 0.518605 0.332922 0.196705 0.106582 0.0528013 0.0238412 0.00971576 0.00329072 
1 0.749394 0.522903 0.337904 0.201336 0.110221 0.0552772 0.0253145 0.0104769 0.00359927 
1 0.75183 0.527089 0.342782 0.205903 0.113844 0.05777 0.0268173 0.0112642 0.00392231 
1 0.754195 0.531168 0.347558 0.210406 0.117449 0.0602775 0.0283481 0.012077 0.00425956 
1 0.756495 0.535143 0.352236 0.214846 0.121034 0.0627977 0.0299053 0.0129143 0.00461074 
1 0.758731 0.53902 0.356819 0.219225 0.124599 0.0653287 0.0314873 0.0137752 0.00497552 
1 0.760907 0.542802 0.36131 0.223542 0.128142 0.0678687 0.0330927 0.014659 0.00535356 
1 0.763025 0.546494 0.365712 0.227799 0.131662 0.0704161 0.0347198 0.0155646 0.00574449 
1 0.765087 0.550097 0.370027 0.231996 0.135159 0.0729693 0.0363673 0.0164912 0.00614792 
1 0.767097 0.553617 0.374259 0.236135 0.138632 0.0755268 0.0380337 0.0174379 0.00656347 
1 0.769056 0.557056 0.378409 0.240216 0.14208 0.0780872 0.0397177 0.0184038 0.00699071 
1 0.770966 0.560417 0.38248 0.244241 0.145503 0.0806491 0.041418 0.0193879 0.00742923 
1 0.77283 0.563703 0.386475 0.248209 0.1489 0.0832114 0.0431333 0.0203893 0.0078786 
1 0.774649 0.566916 0.390396 0.252123 0.152271 0.0857728 0.0448622 0.0214073 0.00833839 
1 0.776425 0.570061 0.394244 0.255983 0.155615 0.0883323 0.0466038 0.0224408 0.00880816 
1 0.77816 0.573138 0.398023 0.25979 0.158932 0.0908888 0.0483566 0.023489 0.00928747 
1 0.779855 0.57615 0.401734 0.263545 0.162223 0.0934414 0.0501198 0.0245511 0.00977589 
1 0.781511 0.579099 0.405378 0.267248 0.165486 0.0959891 0.0518921 0.0256262 0.010273 
1 0.783131 0.581988 0.408958 0.270902 0.168722 0.0985311 0.0536726 0.0267135 0.0107783 
1 0.784715 0.584819 0.412476 0.274506 0.17193 0.101067 0.0554603 0.0278122 0.0112914 
1 0.786265 0.587593 0.415934 0.278061 0.17511 0.103595 0.0572542 0.0289215 0.011812 
1 0.787782 0.590312 0.419332 0.281569 0.178263 0.106115 0.0590533 0.0300406 0.0123394 
1 0.789268 0.592979 0.422673 0.28503 0.181388 0.108627 0.0608568 0.0311688 0.0128735 
1 0.790722 0.595594 0.425957 0.288446 0.184486 0.111129 0.0626639 0.0323054 0.0134137 
1 0.792147 0.598159 0.429188 0.291816 0.187555 0.113621 0.0644737 0.0334496 0.0139596 
1 0.793543 0.600677 0.432365 0.295142 0.190597 0.116104 0.0662855 0.0346008 0.0145109 
1 0.794911 0.603148 0.435491 0.298424 0.193611 0.118575 0.0680985 0.0357582 0.0150672 
1 0.796253 0.605573 0.438567 0.301663 0.196598 0.121035 0.069912 0.0369213 0.0156281 
1 0.797568 0.607955 0.441593 0.304861 0.199557 0.123483 0.0717254 0.0380895 0.0161932 
1 0.798858 0.610294 0.444572 0.308018 0.202489 0.125919 0.0735379 0.039262 0.0167622 
1 0.800124 0.612592 0.447504 0.311134 0.205394 0.128342 0.0753489 0.0404384 0.0173348 
1 0.801366 0.61485 0.450391 0.31421 0.208272 0.130752 0.0771579 0.0416181 0.0179107 
1 0.802585 0.617068 0.453233 0.317247 0.211123 0.133149 0.0789643 0.0428005 0.0184894 
1 0.803783 0.619249 0.456033 0.320246 0.213947 0.135533 0.0807675 0.0439851 0.0190708 
1 0.804958 0.621393 0.458789 0.323207 0.216744 0.137902 0.082567 0.0451714 0.0196544 
1 0.806113 0.623501 0.461505 0.326131 0.219515 0.140258 0.0843624 0.0463589 0.02024 
1 0.807247 0.625574 0.464181 0.329019 0.22226 0.142599 0.0861532 0.0475471 0.0208273 
1 0.808361 0.627613 0.466817 0.331871 0.224978 0.144925 0.0879389 0.0487357 0.0214161 
1 0.809457 0.629619 0.469415 0.334688 0.227671 0.147237 0.089719 0.0499242 0.0220061 
1 0.810534 0.631593 0.471975 0.337471 0.230338 0.149533 0.0914933 0.0511121 0.022597 
1 0.811592 0.633536 0.474498 0.340219 0.232979 0.151815 0.0932613 0.052299 0.0231886 
1 0.812633 0.635448 0.476986 0.342934 0.235595 0.154081 0.0950227 0.0534847 0.0237807 
1 0.813657 0.63733 0.479439 0.345616 0.238186 0.156332 0.0967771 0.0546687 0.024373 
1 0.814664 0.639183 0.481857 0.348266 0.240752 0.158567 0.0985242 0.0558507 0.0249653 
1 0.815655 0.641008 0.484242 0.350884 0.243293 0.160786 0.100264 0.0570303 0.0255574 
1 0.81663 0.642805 0.486593 0.353471 0.24581 0.16299 0.101995 0.0582073 0.0261491 
1 0.81759 0.644575 0.488913 0.356027 0.248302 0.165178 0.103719 0.0593813 0.0267402 
1 0.818534 0.646319 0.491201 0.358553 0.25077 0.16735 0.105434 0.060552 0.0273306 
1 0.819464 0.648037 0.493458 0.36105 0.253214 0.169505 0.10714 0.0617193 0.02792 
1 0.82038 0.649731 0.495685 0.363517 0.255635 0.171645 0.108838 0.0628827 0.0285083 
1 0.821281 0.651399 0.497883 0.365955 0.258032 0.173769 0.110526 0.0640421 0.0290954 
1 0.82217 0.653044 0.500051 0.368365 0.260406 0.175876 0.112205 0.0651973 0.029681 
1 0.823044 0.654665 0.502191 0.370747 0.262756 0.177967 0.113874 0.0663479 0.030265 
1 0.823906 0.656263 0.504303 0.373101 0.265084 0.180042 0.115534 0.0674939 0.0308474 
1 0.824756 0.657839 0.506388 0.375429 0.267389 0.182101 0.117184 0.0686349 0.0314279 
1 0.825592 0.659393 0.508446 0.37773 0.269672 0.184144 0.118824 0.0697709 0.0320065 
1 0.826417 0.660925 0.510478 0.380004 0.271932 0.18617 0.120454 0.0709016 0.032583 
1 0.82723 0.662436 0.512484 0.382253 0.27417 0.18818 0.122074 0.0720268 0.0331573 
1 0.828032 0.663927 0.514464 0.384476 0.276387 0.190174 0.123683 0.0731465 0.0337293 
1 0.828822 0.665398 0.51642 0.386674 0.278582 0.192152 0.125282 0.0742604 0.0342989 
1 0.829601 0.666849 0.518351 0.388848 0.280755 0.194113 0.126871 0.0753684 0.034866 
1 0.830369 0.668281 0.520259 0.390997 0.282907 0.196058 0.128448 0.0764704 0.0354305 
1 0.831127 0.669694 0.522143 0.393122 0.285038 0.197988 0.130015 0.0775663 0.0359924 
1 0.831874 0.671088 0.524003 0.395224 0.287149 0.199901 0.131571 0.0786559 0.0365514 
1 0.832612 0.672464 0.525841 0.397302 0.289238 0.201798 0.133116 0.0797391 0.0371077 
1 0.833339 0.673823 0.527657 0.399357 0.291307 0.203679 0.13465 0.0808158 0.037661 
1 0.834057 0.675164 0.529451 0.40139 0.293356 0.205544 0.136173 0.081886 0.0382114 
1 0.834765 0.676487 0.531223 0.4034 0.295385 0.207394 0.137685 0.0829495 0.0387587 
1 0.835464 0.677794 0.532974 0.405388 0.297394 0.209227 0.139186 0.0840063 0.039303 
1 0.836153 0.679085 0.534705 0.407354 0.299383 0.211045 0.140676 0.0850562 0.0398441 
1 0.836834 0.680359 0.536414 0.409299 0.301353 0.212847 0.142155 0.0860993 0.0403819 
1 0.837506 0.681617 0.538104 0.411223 0.303303 0.214634 0.143622 0.0871354 0.0409166 
1 0.838169 0.68286 0.539774 0.413126 0.305235 0.216405 0.145078 0.0881646 0.0414479 
1 0.838824 0.684087 0.541424 0.415009 0.307147 0.21816 0.146523 0.0891866 0.0419759 
1 0.839471 0.6853 0.543055 0.416871 0.309041 0.2199 0.147957 0.0902016 0.0425005 
1 0.840109 0.686497 0.544668 0.418713 0.310916 0.221625 0.14938 0.0912095 0.0430217 
1 0.84074 0.68768 0.546261 0.420535 0.312773 0.223335 0.150791 0.0922101 0.0435395 
1 0.841363 0.688849 0.547837 0.422338 0.314611 0.225029 0.152191 0.0932035 0.0440537 
1 0.841978 0.690004 0.549394 0.424122 0.316432 0.226709 0.15358 0.0941897 0.0445645 
1 0.842585 0.691145 0.550934 0.425886 0.318234 0.228373 0.154957 0.0951686 0.0450718 
1 0.843185 0.692272 0.552456 0.427632 0.320019 0.230023 0.156324 0.0961403 0.0455755 
1 0.843778 0.693386 0.553961 0.429359 0.321787 0.231657 0.157679 0.0971046 0.0460756 
1 0.844363 0.694487 0.555449 0.431068 0.323537 0.233277 0.159023 0.0980616 0.0465721 
1 0.844941 0.695575 0.55692 0.432759 0.32527 0.234883 0.160356 0.0990112 0.0470651 
1 0.845513 0.696651 0.558375 0.434432 0.326986 0.236474 0.161678 0.0999536 0.0475544 
1 0.846078 0.697713 0.559814 0.436088 0.328685 0.23805 0.162989 0.100889 0.0480401 
1 0.846636 0.698764 0.561236 0.437726 0.330367 0.239612 0.164289 0.101816 0.0485221 
1 0.847187 0.699802 0.562643 0.439347 0.332033 0.24116 0.165577 0.102736 0.0490005 
1 0.847732 0.700829 0.564035 0.440951 0.333682 0.242694 0.166855 0.103649 0.0494753 
1 0.848271 0.701844 0.565411 0.442538 0.335316 0.244213 0.168122 0.104555 0.0499464 
1 0.848803 0.702847 0.566772 0.444108 0.336933 0.245719 0.169378 0.105453 0.0504138 
1 0.849329 0.703839 0.568118 0.445663 0.338534 0.247211 0.170623 0.106344 0.0508776 
1 0.849849 0.704819 0.569449 0.447201 0.34012 0.248689 0.171858 0.107228 0.0513377 
1 0.850363 0.705789 0.570766 0.448723 0.34169 0.250154 0.173082 0.108104 0.0517942 
1 0.850871 0.706748 0.572069 0.450229 0.343245 0.251605 0.174295 0.108973 0.052247 
1 0.851374 0.707696 0.573357 0.45172 0.344784 0.253042 0.175497 0.109835 0.0526962 
1 0.851871 0.708633 0.574632 0.453195 0.346309 0.254466 0.176689 0.11069 0.0531417 
1 0.852362 0.70956 0.575893 0.454655 0.347818 0.255877 0.17787 0.111537 0.0535836 
1 0.852847 0.710477 0.577141 0.4561 0.349313 0.257275 0.179041 0.112378 0.0540218 
1 0.853327 0.711384 0.578375 0.457531 0.350793 0.25866 0.180202 0.113211 0.0544564 
1 0.853802 0.712281 0.579596 0.458946 0.352258 0.260031 0.181352 0.114037 0.0548874 
1 0.854271 0.713167 0.580803 0.460347 0.353709 0.26139 0.182492 0.114856 0.0553148 
1 0.854736 0.714045 0.581998 0.461734 0.355146 0.262737 0.183621 0.115668 0.0557386 
1 0.855195 0.714912 0.583181 0.463106 0.356568 0.26407 0.184741 0.116472 0.0561589 
1 0.855649 0.715771 0.584351 0.464464 0.357977 0.265391 0.18585 0.11727 0.0565755 
1 0.856098 0.716619 0.585508 0.465809 0.359372 0.2667 0.18695 0.118061 0.0569886 
1 0.856542 0.717459 0.586653 0.46714 0.360753 0.267996 0.188039 0.118845 0.0573982 
1 0.856981 0.71829 0.587787 0.468457 0.36212 0.26928 0.189119 0.119622 0.0578042 
1 0.857415 0.719112 0.588908 0.469761 0.363474 0.270552 0.190188 0.120392 0.0582068 
1 0.857845 0.719925 0.590017 0.471051 0.364815 0.271812 0.191248 0.121156 0.0586058 
1 0.85827 0.720729 0.591115 0.472328 0.366143 0.27306 0.192299 0.121912 0.0590013 
1 0.85869 0.721524 0.592202 0.473593 0.367457 0.274296 0.193339 0.122662 0.0593934 
1 0.859106 0.722312 0.593277 0.474844 0.368759 0.27552 0.19437 0.123405 0.0597821 
1 0.859518 0.72309 0.594341 0.476083 0.370048 0.276733 0.195392 0.124142 0.0601673 
1 0.859925 0.723861 0.595394 0.47731 0.371324 0.277934 0.196404 0.124871 0.0605491 
1 0.860327 0.724623 0.596436 0.478524 0.372588 0.279124 0.197407 0.125595 0.0609276 
1 0.860726 0.725378 0.597467 0.479725 0.373839 0.280303 0.198401 0.126311 0.0613026 
1 0.86112 0.726124 0.598487 0.480915 0.375078 0.28147 0.199385 0.127022 0.0616744 
1 0.861509 0.726862 0.599497 0.482093 0.376305 0.282626 0.20036 0.127725 0.0620428 
1 0.861895 0.727593 0.600497 0.483258 0.37752 0.283771 0.201326 0.128423 0.0624078 
1 0.862277 0.728316 0.601486 0.484412 0.378723 0.284905 0.202283 0.129114 0.0627696 
1 0.862654 0.729032 0.602465 0.485554 0.379914 0.286028 0.203232 0.129798 0.0631282 
1 0.863028 0.72974 0.603434 0.486685 0.381093 0.287141 0.204171 0.130477 0.0634834 
1 0.863398 0.730441 0.604393 0.487805 0.382261 0.288242 0.205101 0.131149 0.0638355 
1 0.863764 0.731134 0.605342 0.488913 0.383417 0.289334 0.206023 0.131815 0.0641844 
1 0.864125 0.73182 0.606282 0.49001 0.384562 0.290415 0.206936 0.132475 0.06453 
1 0.864484 0.732499 0.607212 0.491096 0.385696 0.291485 0.207841 0.133128 0.0648725 
1 0.864838 0.733171 0.608132 0.492171 0.386819 0.292545 0.208737 0.133776 0.0652119 
1 0.865189 0.733836 0.609043 0.493236 0.38793 0.293595 0.209624 0.134418 0.0655482 
1 0.865536 0.734494 0.609945 0.494289 0.389031 0.294635 0.210504 0.135053 0.0658813 
1 0.865879 0.735146 0.610837 0.495333 0.390121 0.295665 0.211374 0.135683 0.0662114 
1 0.866219 0.735791 0.611721 0.496365 0.3912 0.296684 0.212237 0.136307 0.0665385 
1 0.866556 0.736429 0.612595 0.497388 0.392268 0.297695 0.213091 0.136925 0.0668625 
1 0.866889 0.73706 0.613461 0.4984 0.393326 0.298695 0.213938 0.137537 0.0671835 
1 0.867218 0.737685 0.614317 0.499402 0.394374 0.299685 0.214776 0.138144 0.0675015 
1 0.867544 0.738304 0.615165 0.500394 0.395411 0.300667 0.215607 0.138745 0.0678166 
1 0.867867 0.738916 0.616005 0.501376 0.396439 0.301638 0.216429 0.13934 0.0681288 
1 0.868186 0.739522 0.616836 0.502349 0.397456 0.3026 0.217244 0.13993 0.068438 
1 0.868502 0.740122 0.617659 0.503311 0.398463 0.303553 0.218051 0.140514 0.0687443 
1 0.868815 0.740716 0.618473 0.504264 0.39946 0.304497 0.21885 0.141092 0.0690478 
1 0.869125 0.741303 0.619279 0.505208 0.400447 0.305432 0.219641 0.141665 0.0693484 
1 0.869431 0.741885 0.620077 0.506142 0.401425 0.306357 0.220425 0.142233 0.0696462 
1 0.869734 0.742461 0.620867 0.507067 0.402393 0.307274 0.221202 0.142795 0.0699412 
1 0.870035 0.743031 0.621649 0.507983 0.403352 0.308181 0.221971 0.143352 0.0702334 
1 0.870332 0.743595 0.622423 0.508889 0.404301 0.30908 0.222732 0.143904 0.0705229 
1 0.870626 0.744153 0.62319 0.509787 0.405241 0.30997 0.223487 0.144451 0.0708096 
1 0.870917 0.744706 0.623948 0.510675 0.406171 0.310852 0.224234 0.144992 0.0710937 
1 0.871205 0.745253 0.624699 0.511555 0.407093 0.311725 0.224974 0.145528 0.071375 
1 0.871491 0.745795 0.625443 0.512426 0.408005 0.31259 0.225707 0.146059 0.0716537 
1 0.871773 0.746331 0.626179 0.513289 0.408909 0.313446 0.226433 0.146585 0.0719297 
1 0.872052 0.746862 0.626907 0.514143 0.409803 0.314293 0.227151 0.147106 0.0722031 
1 0.872329 0.747387 0.627629 0.514988 0.410689 0.315133 0.227863 0.147622 0.0724739 
1 0.872603 0.747907 0.628343 0.515825 0.411566 0.315964 0.228568 0.148133 0.0727422 
1 0.872874 0.748422 0.62905 0.516654 0.412435 0.316788 0.229267 0.148639 0.0730079 
1 0.873142 0.748932 0.62975 0.517474 0.413295 0.317603 0.229958 0.14914 0.073271 
1 0.873408 0.749436 0.630443 0.518287 0.414146 0.31841 0.230643 0.149637 0.0735317 
1 0.873671 0.749936 0.631129 0.519091 0.41499 0.31921 0.231321 0.150128 0.0737898 
1 0.873931 0.75043 0.631808 0.519887 0.415825 0.320002 0.231993 0.150615 0.0740455 
1 0.874189 0.75092 0.63248 0.520676 0.416651 0.320786 0.232658 0.151098 0.0742988 
1 0.874444 0.751404 0.633146 0.521456 0.41747 0.321562 0.233317 0.151575 0.0745496 
1 0.874696 0.751884 0.633805 0.522229 0.41828 0.322331 0.23397 0.152049 0.074798 
1 0.874946 0.752359 0.634458 0.522994 0.419083 0.323092 0.234616 0.152517 0.0750441 
1 0.875194 0.752829 0.635104 0.523752 0.419878 0.323846 0.235256 0.152981 0.0752878 
1 0.875439 0.753295 0.635743 0.524502 0.420664 0.324593 0.235889 0.153441 0.0755291 
1 0.875681 0.753756 0.636376 0.525245 0.421444 0.325332 0.236517 0.153896 0.0757681 
1 0.875921 0.754212 0.637003 0.525981 0.422215 0.326064 0.237138 0.154347 0.0760049 
1 0.876159 0.754663 0.637624 0.526709 0.422979 0.326789 0.237754 0.154793 0.0762393 
1 0.876394 0.75511 0.638238 0.52743 0.423735 0.327507 0.238363 0.155235 0.0764715 
1 0.876627 0.755553 0.638847 0.528143 0.424484 0.328218 0.238967 0.155673 0.0767015 
1 0.876858 0.755991 0.639449 0.52885 0.425226 0.328921 0.239564 0.156107 0.0769292 
1 0.877086 0.756425 0.640045 0.52955 0.42596 0.329618 0.240156 0.156536 0.0771548 
1 0.877312 0.756855 0.640636 0.530243 0.426688 0.330309 0.240742 0.156961 0.0773781 
1 0.877536 0.75728 0.64122 0.530929 0.427408 0.330992 0.241323 0.157382 0.0775994 
1 0.877758 0.757701 0.641799 0.531608 0.428121 0.331669 0.241898 0.1578 0.0778184 
1 0.877977 0.758118 0.642372 0.532281 0.428827 0.332339 0.242467 0.158213 0.0780354 
1 0.878194 0.758531 0.642939 0.532947 0.429526 0.333003 0.24303 0.158622 0.0782503 
1 0.878409 0.758939 0.643501 0.533606 0.430218 0.33366 0.243589 0.159027 0.0784631 
1 0.878622 0.759344 0.644057 0.534259 0.430903 0.334311 0.244141 0.159428 0.0786738 
1 0.878833 0.759744 0.644608 0.534905 0.431582 0.334955 0.244689 0.159825 0.0788825 
1 0.879041 0.760141 0.645153 0.535545 0.432254 0.335593 0.245231 0.160218 0.0790892 
1 0.879248 0.760533 0.645693 0.536179 0.432919 0.336225 0.245768 0.160608 0.0792939 
1 0.879452 0.760922 0.646227 0.536806 0.433578 0.336851 0.246299 0.160994 0.0794965 
1 0.879655 0.761307 0.646756 0.537428 0.43423 0.33747 0.246825 0.161376 0.0796973 
1 0.879855 0.761688 0.64728 0.538043 0.434876 0.338084 0.247347 0.161754 0.079896 
1 0.880054 0.762065 0.647799 0.538652 0.435516 0.338691 0.247863 0.162129 0.0800929 
1 0.88025 0.762439 0.648313 0.539255 0.436149 0.339293 0.248374 0.1625 0.0802878 
1 0.880444 0.762808 0.648821 0.539852 0.436776 0.339889 0.24888 0.162867 0.0804809 
1 0.880637 0.763174 0.649325 0.540443 0.437397 0.340478 0.249381 0.163231 0.0806721 
1 0.880828 0.763537 0.649823 0.541029 0.438012 0.341062 0.249878 0.163591 0.0808614 
1 0.881017 0.763896 0.650317 0.541608 0.43862 0.341641 0.250369 0.163948 0.0810489 
1 0.881203 0.764251 0.650805 0.542182 0.439223 0.342213 0.250856 0.164301 0.0812345 
1 0.881388 0.764603 0.651289 0.542751 0.43982 0.342781 0.251338 0.164651 0.0814184 
1 0.881572 0.764951 0.651768 0.543313 0.440411 0.343342 0.251815 0.164998 0.0816004 
1 0.881753 0.765296 0.652243 0.54387 0.440996 0.343898 0.252287 0.165341 0.0817807 
1 0.881933 0.765638 0.652712 0.544422 0.441576 0.344449 0.252755 0.165681 0.0819592 
1 0.882111 0.765976 0.653177 0.544968 0.44215 0.344994 0.253219 0.166017 0.082136 
1 0.882287 0.766311 0.653638 0.545509 0.442718 0.345534 0.253678 0.16635 0.0823111 
1 0.882461 0.766642 0.654094 0.546045 0.44328 0.346068 0.254132 0.16668 0.0824845 
1 0.882633 0.76697 0.654545 0.546575 0.443837 0.346598 0.254582 0.167007 0.0826562 
1 0.882804 0.767295 0.654992 0.5471 0.444389 0.347122 0.255027 0.16733 0.0828262 
1 0.882974 0.767617 0.655435 0.54762 0.444935 0.347641 0.255469 0.167651 0.0829945 
1 0.883141 0.767935 0.655873 0.548135 0.445476 0.348155 0.255905 0.167968 0.0831612 
1 0.883307 0.768251 0.656307 0.548644 0.446011 0.348664 0.256338 0.168282 0.0833263 
1 0.883471 0.768563 0.656736 0.549149 0.446542 0.349167 0.256766 0.168593 0.0834898 
1 0.883634 0.768872 0.657162 0.549649 0.447067 0.349666 0.257191 0.168901 0.0836517 
1 0.883795 0.769178 0.657583 0.550143 0.447587 0.35016 0.257611 0.169206 0.083812 
1 0.883954 0.769481 0.658 0.550633 0.448101 0.35065 0.258026 0.169508 0.0839707 
1 0.884112 0.769781 0.658413 0.551118 0.448611 0.351134 0.258438 0.169807 0.0841279 
1 0.884268 0.770079 0.658821 0.551599 0.449116 0.351614 0.258846 0.170103 0.0842835 
1 0.884423 0.770373 0.659226 0.552074 0.449615 0.352089 0.25925 0.170397 0.0844377 
1 0.884576 0.770664 0.659627 0.552545 0.45011 0.352559 0.25965 0.170687 0.0845903 
1 0.884728 0.770953 0.660024 0.553011 0.4506 0.353025 0.260046 0.170975 0.0847414 
1 0.884878 0.771238 0.660417 0.553473 0.451085 0.353486 0.260438 0.171259 0.0848911 
1 0.885027 0.771521 0.660806 0.55393 0.451566 0.353943 0.260826 0.171541 0.0850393 
1 0.885174 0.771801 0.661191 0.554383 0.452041 0.354395 0.261211 0.17182 0.085186 
1 0.88532 0.772078 0.661572 0.554831 0.452512 0.354842 0.261591 0.172097 0.0853313 
1 0.885464 0.772353 0.66195 0.555275 0.452979 0.355286 0.261968 0.172371 0.0854752 
1 0.885607 0.772624 0.662324 0.555714 0.453441 0.355725 0.262341 0.172642 0.0856177 
1 0.885749 0.772894 0.662694 0.556149 0.453898 0.356159 0.262711 0.17291 0.0857588 
1 0.885889 0.77316 0.663061 0.55658 0.454351 0.35659 0.263077 0.173176 0.0858985 
1 0.886027 0.773424 0.663424 0.557007 0.454799 0.357016 0.263439 0.173439 0.0860369 
1 0.886165 0.773685 0.663783 0.557429 0.455243 0.357438 0.263798 0.1737 0.0861739 
1 0.886301 0.773944 0.664139 0.557847 0.455683 0.357856 0.264154 0.173958 0.0863095 
1 0.886435 0.7742 0.664492 0.558261 0.456118 0.35827 0.264505 0.174213 0.0864439 
1 0.886569 0.774453 0.664841 0.558671 0.456549 0.358679 0.264854 0.174467 0.0865769 
1 0.886701 0.774704 0.665186 0.559077 0.456975 0.359085 0.265199 0.174717 0.0867086 
1 0.886832 0.774953 0.665528 0.559479 0.457398 0.359487 0.26554 0.174965 0.086839 
1 0.886961 0.775199 0.665867 0.559877 0.457816 0.359885 0.265879 0.175211 0.0869682 
1 0.887089 0.775443 0.666202 0.560272 0.458231 0.360278 0.266214 0.175454 0.087096 
1 0.887216 0.775684 0.666534 0.560662 0.458641 0.360669 0.266545 0.175695 0.0872227 
1 0.887342 0.775923 0.666863 0.561048 0.459047 0.361055 0.266874 0.175934 0.0873481 
1 0.887466 0.77616 0.667189 0.561431 0.459449 0.361437 0.267199 0.17617 0.0874722 
1 0.887589 0.776394 0.667511 0.56181 0.459848 0.361816 0.267521 0.176404 0.0875952 
1 0.887711 0.776626 0.66783 0.562185 0.460242 0.362191 0.26784 0.176635 0.0877169 
1 0.887832 0.776856 0.668146 0.562556 0.460632 0.362562 0.268155 0.176865 0.0878375 
1 0.887952 0.777083 0.668459 0.562924 0.461019 0.362929 0.268468 0.177092 0.0879568 
1 0.88807 0.777308 0.668769 0.563288 0.461402 0.363293 0.268778 0.177317 0.088075 
1 0.888187 0.777531 0.669076 0.563649 0.461781 0.363654 0.269084 0.177539 0.0881921 
1 0.888303 0.777752 0.66938 0.564006 0.462156 0.364011 0.269388 0.17776 0.088308 
1 0.888418 0.777971 0.669681 0.56436 0.462528 0.364364 0.269688 0.177978 0.0884227 
1 0.888532 0.778187 0.669979 0.56471 0.462896 0.364714 0.269986 0.178194 0.0885364 
1 0.888645 0.778402 0.670274 0.565056 0.46326 0.365061 0.27028 0.178408 0.0886489 
1 0.888756 0.778614 0.670566 0.5654 0.463621 0.365404 0.270572 0.17862 0.0887603 
1 0.888867 0.778824 0.670855 0.56574 0.463978 0.365743 0.270861 0.17883 0.0888706 
1 0.888976 0.779032 0.671141 0.566076 0.464332 0.36608 0.271147 0.179038 0.0889799 
1 0.889085 0.779238 0.671425 0.566409 0.464683 0.366413 0.27143 0.179244 0.0890881 
1 0.889192 0.779442 0.671705 0.566739 0.465029 0.366743 0.271711 0.179448 0.0891952 
1 0.889298 0.779644 0.671983 0.567066 0.465373 0.367069 0.271989 0.179649 0.0893012 
1 0.889403 0.779844 0.672259 0.567389 0.465713 0.367393 0.272264 0.179849 0.0894063 
1 0.889507 0.780042 0.672531 0.56771 0.46605 0.367713 0.272536 0.180047 0.0895103 
1 0.88961 0.780238 0.672801 0.568027 0.466383 0.36803 0.272806 0.180243 0.0896132 
1 0.889712 0.780432 0.673068 0.568341 0.466713 0.368344 0.273073 0.180437 0.0897152 
1 0.889813 0.780624 0.673333 0.568652 0.46704 0.368655 0.273337 0.180629 0.0898162 
1 0.889914 0.780815 0.673595 0.56896 0.467364 0.368962 0.273599 0.180819 0.0899162 
1 0.890013 0.781003 0.673854 0.569265 0.467684 0.369267 0.273858 0.181007 0.0900152 
1 0.890111 0.78119 0.674111 0.569567 0.468002 0.369569 0.274115 0.181194 0.0901132 
1 0.890208 0.781375 0.674365 0.569866 0.468316 0.369868 0.274369 0.181378 0.0902102 
1 0.890304 0.781558 0.674617 0.570162 0.468627 0.370164 0.274621 0.181561 0.0903064 
1 0.890399 0.781739 0.674866 0.570455 0.468935 0.370457 0.27487 0.181742 0.0904015 
1 0.890494 0.781918 0.675113 0.570745 0.46924 0.370747 0.275117 0.181922 0.0904958 
1 0.890587 0.782096 0.675358 0.571032 0.469542 0.371034 0.275361 0.182099 0.0905891 
1 0.89068 0.782272 0.6756 0.571317 0.469842 0.371319 0.275603 0.182275 0.0906815 
1 0.890771 0.782446 0.675839 0.571598 0.470138 0.3716 0.275842 0.182449 0.090773 
1 0.890862 0.782618 0.676077 0.571877 0.470431 0.371879 0.27608 0.182621 0.0908636 
1 0.890952 0.782789 0.676312 0.572154 0.470721 0.372155 0.276314 0.182792 0.0909533 
1 0.89104 0.782958 0.676544 0.572427 0.471009 0.372429 0.276547 0.182961 0.0910421 
1 0.891128 0.783126 0.676775 0.572698 0.471294 0.372699 0.276777 0.183128 0.09113 
1 0.891216 0.783291 0.677003 0.572966 0.471576 0.372968 0.277005 0.183294 0.0912171 
1 0.891302 0.783455 0.677229 0.573232 0.471855 0.373233 0.277231 0.183458 0.0913034 
1 0.891387 0.783618 0.677453 0.573495 0.472131 0.373496 0.277455 0.18362 0.0913888 
1 0.891472 0.783779 0.677674 0.573755 0.472405 0.373756 0.277676 0.183781 0.0914733 
1 0.891556 0.783938 0.677893 0.574013 0.472676 0.374014 0.277895 0.18394 0.091557 
1 0.891639 0.784096 0.67811 0.574268 0.472944 0.374269 0.278112 0.184098 0.0916399 
1 0.891721 0.784252 0.678325 0.574521 0.47321 0.374522 0.278327 0.184254 0.091722 
1 0.891802 0.784407 0.678538 0.574771 0.473473 0.374772 0.27854 0.184409 0.0918033 
1 0.891883 0.78456 0.678749 0.575019 0.473734 0.37502 0.278751 0.184562 0.0918838 
1 0.891962 0.784712 0.678958 0.575264 0.473992 0.375265 0.27896 0.184713 0.0919635 
1 0.892041 0.784862 0.679165 0.575507 0.474247 0.375508 0.279166 0.184864 0.0920424 
1 0.89212 0.785011 0.679369 0.575748 0.4745 0.375748 0.279371 0.185012 0.0921205 
1 0.892197 0.785158 0.679572 0.575986 0.47475 0.375987 0.279573 0.185159 0.0921979 
1 0.892274 0.785304 0.679773 0.576222 0.474998 0.376222 0.279774 0.185305 0.0922745 
1 0.89235 0.785448 0.679971 0.576455 0.475244 0.376456 0.279973 0.185449 0.0923504 
1 0.892425 0.785591 0.680168 0.576686 0.475487 0.376687 0.280169 0.185592 0.0924255 
1 0.892499 0.785732 0.680363 0.576915 0.475728 0.376916 0.280364 0.185734 0.0924999 
1 0.892573 0.785873 0.680556 0.577142 0.475966 0.377143 0.280557 0.185874 0.0925735 
1 0.892646 0.786011 0.680747 0.577367 0.476202 0.377367 0.280748 0.186013 0.0926464 
1 0.892718 0.786149 0.680936 0.577589 0.476436 0.37759 0.280937 0.18615 0.0927186 
1 0.892789 0.786285 0.681123 0.577809 0.476667 0.37781 0.281124 0.186286 0.0927901 
1 0.89286 0.78642 0.681308 0.578027 0.476896 0.378028 0.281309 0.186421 0.0928609 
1 0.89293 0.786553 0.681492 0.578243 0.477123 0.378243 0.281493 0.186554 0.092931 
1 0.893 0.786685 0.681674 0.578456 0.477348 0.378457 0.281675 0.186686 0.0930005 
1 0.893069 0.786816 0.681854 0.578668 0.477571 0.378669 0.281855 0.186817 0.0930692 
1 0.893137 0.786945 0.682032 0.578878 0.477791 0.378878 0.282033 0.186946 0.0931373 
1 0.893204 0.787074 0.682208 0.579085 0.478009 0.379085 0.282209 0.187074 0.0932046 
1 0.893271 0.7872 0.682383 0.57929 0.478225 0.379291 0.282384 0.187201 0.0932714 
1 0.893337 0.787326 0.682556 0.579494 0.478439 0.379494 0.282557 0.187327 0.0933374 
1 0.893402 0.787451 0.682728 0.579695 0.47865 0.379696 0.282728 0.187451 0.0934029 
1 0.893467 0.787574 0.682897 0.579895 0.47886 0.379895 0.282898 0.187575 0.0934677 
1 0.893531 0.787696 0.683065 0.580092 0.479068 0.380092 0.283066 0.187697 0.0935318 
1 0.893595 0.787817 0.683231 0.580288 0.479273 0.380288 0.283232 0.187818 0.0935953 
1 0.893658 0.787937 0.683396 0.580481 0.479477 0.380482 0.283397 0.187937 0.0936582 
1 0.89372 0.788055 0.683559 0.580673 0.479678 0.380673 0.28356 0.188056 0.0937205 
1 0.893782 0.788172 0.683721 0.580863 0.479878 0.380863 0.283721 0.188173 0.0937822 
1 0.893843 0.788288 0.683881 0.581051 0.480076 0.381051 0.283881 0.188289 0.0938432 
1 0.893903 0.788404 0.684039 0.581237 0.480271 0.381237 0.284039 0.188404 0.0939037 
1 0.893963 0.788517 0.684196 0.581421 0.480465 0.381421 0.284196 0.188518 0.0939636 
1 0.894023 0.78863 0.684351 0.581604 0.480657 0.381604 0.284351 0.188631 0.0940228 
1 0.894081 0.788742 0.684505 0.581784 0.480847 0.381785 0.284505 0.188742 0.0940815 
1 0.894139 0.788852 0.684657 0.581963 0.481035 0.381963 0.284657 0.188853 0.0941397 
1 0.894197 0.788962 0.684807 0.58214 0.481221 0.382141 0.284808 0.188962 0.0941972 
1 0.894254 0.78907 0.684957 0.582316 0.481406 0.382316 0.284957 0.189071 0.0942542 
1 0.89431 0.789178 0.685104 0.582489 0.481588 0.38249 0.285105 0.189178 0.0943106 
1 0.894366 0.789284 0.685251 0.582661 0.481769 0.382662 0.285251 0.189284 0.0943665 
1 0.894422 0.789389 0.685396 0.582832 0.481948 0.382832 0.285396 0.18939 0.0944218 
1 0.894476 0.789493 0.685539 0.583 0.482125 0.383 0.285539 0.189494 0.0944766 
1 0.894531 0.789597 0.685681 0.583167 0.482301 0.383167 0.285681 0.189597 0.0945308 
1 0.894584 0.789699 0.685822 0.583332 0.482475 0.383333 0.285822 0.189699 0.0945845 
1 0.894638 0.7898 0.685961 0.583496 0.482647 0.383496 0.285961 0.1898 0.0946377 
1 0.89469 0.7899 0.686099 0.583658 0.482817 0.383658 0.286099 0.1899 0.0946904 
1 0.894742 0.789999 0.686235 0.583819 0.482986 0.383819 0.286236 0.19 0.0947425 
1 0.894794 0.790098 0.686371 0.583978 0.483153 0.383978 0.286371 0.190098 0.0947942 
1 0.894845 0.790195 0.686504 0.584135 0.483319 0.384135 0.286505 0.190195 0.0948453 
1 0.894896 0.790291 0.686637 0.584291 0.483483 0.384291 0.286637 0.190291 0.0948959 
1 0.894946 0.790386 0.686768 0.584445 0.483645 0.384445 0.286768 0.190387 0.094946 
1 0.894996 0.790481 0.686898 0.584598 0.483805 0.384598 0.286898 0.190481 0.0949957 
1 0.895045 0.790574 0.687027 0.584749 0.483964 0.384749 0.287027 0.190575 0.0950448 
1 0.895093 0.790667 0.687154 0.584899 0.484122 0.384899 0.287154 0.190667 0.0950935 
1 0.895142 0.790759 0.68728 0.585047 0.484278 0.385047 0.287281 0.190759 0.0951417 
1 0.895189 0.790849 0.687405 0.585194 0.484432 0.385194 0.287406 0.19085 0.0951894 
1 0.895236 0.790939 0.687529 0.58534 0.484585 0.38534 0.287529 0.190939 0.0952366 
1 0.895283 0.791028 0.687651 0.585484 0.484737 0.385484 0.287652 0.191028 0.0952834 
1 0.89533 0.791116 0.687773 0.585626 0.484886 0.385626 0.287773 0.191117 0.0953297 
1 0.895375 0.791204 0.687893 0.585767 0.485035 0.385767 0.287893 0.191204 0.0953756 
1 0.895421 0.79129 0.688012 0.585907 0.485182 0.385907 0.288012 0.19129 0.095421 
1 0.895466 0.791376 0.68813 0.586045 0.485327 0.386046 0.28813 0.191376 0.095466 
1 0.89551 0.79146 0.688246 0.586182 0.485471 0.386183 0.288246 0.19146 0.0955105 
1 0.895554 0.791544 0.688362 0.586318 0.485614 0.386318 0.288362 0.191544 0.0955546 
1 0.895598 0.791627 0.688476 0.586453 0.485755 0.386453 0.288476 0.191627 0.0955982 
1 0.895641 0.791709 0.688589 0.586586 0.485895 0.386586 0.288589 0.19171 0.0956415 
1 0.895684 0.791791 0.688701 0.586717 0.486034 0.386717 0.288701 0.191791 0.0956843 
1 0.895727 0.791871 0.688812 0.586848 0.486171 0.386848 0.288812 0.191872 0.0957267 
1 0.895769 0.791951 0.688922 0.586977 0.486307 0.386977 0.288922 0.191951 0.0957686 
1 0.89581 0.79203 0.689031 0.587105 0.486441 0.387105 0.289031 0.19203 0.0958102 
1 0.895851 0.792109 0.689138 0.587232 0.486574 0.387232 0.289139 0.192109 0.0958513 
1 0.895892 0.792186 0.689245 0.587357 0.486706 0.387357 0.289245 0.192186 0.0958921 
1 0.895932 0.792263 0.689351 0.587481 0.486837 0.387481 0.289351 0.192263 0.0959324 
1 0.895972 0.792339 0.689455 0.587604 0.486966 0.387604 0.289455 0.192339 0.0959724 
1 0.896012 0.792414 0.689559 0.587726 0.487094 0.387726 0.289559 0.192414 0.0960119 
1 0.896051 0.792489 0.689661 0.587846 0.487221 0.387846 0.289662 0.192489 0.0960511 
1 0.89609 0.792562 0.689763 0.587966 0.487346 0.387966 0.289763 0.192562 0.0960899 
1 0.896128 0.792635 0.689864 0.588084 0.487471 0.388084 0.289864 0.192636 0.0961283 
1 0.896166 0.792708 0.689963 0.588201 0.487594 0.388201 0.289963 0.192708 0.0961663 
1 0.896204 0.792779 0.690062 0.588317 0.487716 0.388317 0.290062 0.192779 0.0962039 
1 0.896241 0.79285 0.690159 0.588432 0.487836 0.388432 0.290159 0.19285 0.0962412 
1 0.896278 0.79292 0.690256 0.588545 0.487956 0.388545 0.290256 0.192921 0.0962781 
1 0.896315 0.79299 0.690352 0.588658 0.488074 0.388658 0.290352 0.19299 0.0963147 
1 0.896351 0.793059 0.690446 0.588769 0.488191 0.388769 0.290446 0.193059 0.0963509 
1 0.896387 0.793127 0.69054 0.588879 0.488307 0.388879 0.29054 0.193127 0.0963867 
1 0.896422 0.793195 0.690633 0.588989 0.488422 0.388989 0.290633 0.193195 0.0964222 
1 0.896457 0.793261 0.690725 0.589097 0.488536 0.389097 0.290725 0.193261 0.0964573 
1 0.896492 0.793328 0.690816 0.589204 0.488648 0.389204 0.290816 0.193328 0.0964921 
1 0.896527 0.793393 0.690906 0.58931 0.48876 0.38931 0.290906 0.193393 0.0965266 
1 0.896561 0.793458 0.690996 0.589415 0.48887 0.389415 0.290996 0.193458 0.0965607 
1 0.896594 0.793522 0.691084 0.589519 0.488979 0.389519 0.291084 0.193522 0.0965945 
1 0.896628 0.793586 0.691172 0.589622 0.489088 0.389622 0.291172 0.193586 0.0966279 
1 0.896661 0.793649 0.691258 0.589724 0.489195 0.389724 0.291258 0.193649 0.096661 
1 0.896694 0.793711 0.691344 0.589825 0.489301 0.389825 0.291344 0.193711 0.0966938 
1 0.896726 0.793773 0.691429 0.589925 0.489406 0.389925 0.291429 0.193773 0.0967263 
1 0.896758 0.793834 0.691513 0.590023 0.48951 0.390023 0.291513 0.193834 0.0967584 
1 0.89679 0.793895 0.691597 0.590121 0.489613 0.390121 0.291597 0.193895 0.0967903 
1 0.896822 0.793955 0.691679 0.590218 0.489715 0.390218 0.291679 0.193955 0.0968218 
1 0.896853 0.794014 0.691761 0.590315 0.489816 0.390315 0.291761 0.194014 0.096853 
1 0.896884 0.794073 0.691842 0.59041 0.489916 0.39041 0.291842 0.194073 0.0968839 
1 0.896914 0.794131 0.691922 0.590504 0.490015 0.390504 0.291922 0.194131 0.0969145 
1 0.896945 0.794189 0.692001 0.590597 0.490113 0.390597 0.292001 0.194189 0.0969448 
1 0.896975 0.794246 0.69208 0.590689 0.49021 0.390689 0.29208 0.194246 0.0969748 
1 0.897005 0.794302 0.692158 0.590781 0.490306 0.390781 0.292158 0.194302 0.0970045 
1 0.897034 0.794358 0.692235 0.590871 0.490402 0.390871 0.292235 0.194358 0.097034 
1 0.897063 0.794414 0.692311 0.590961 0.490496 0.390961 0.292311 0.194414 0.0970631 
1 0.897092 0.794468 0.692387 0.59105 0.490589 0.39105 0.292387 0.194469 0.0970919 
1 0.89712 0.794523 0.692461 0.591138 0.490682 0.391138 0.292461 0.194523 0.0971205 
1 0.897149 0.794577 0.692535 0.591225 0.490773 0.391225 0.292535 0.194577 0.0971488 
1 0.897177 0.79463 0.692609 0.591311 0.490864 0.391311 0.292609 0.19463 0.0971768 
1 0.897204 0.794683 0.692681 0.591396 0.490954 0.391396 0.292681 0.194683 0.0972045 
1 0.897232 0.794735 0.692753 0.591481 0.491042 0.391481 0.292753 0.194735 0.097232 
1 0.897259 0.794787 0.692824 0.591564 0.49113 0.391564 0.292824 0.194787 0.0972591 
1 0.897286 0.794838 0.692895 0.591647 0.491217 0.391647 0.292895 0.194838 0.0972861 
1 0.897313 0.794888 0.692965 0.591729 0.491304 0.391729 0.292965 0.194888 0.0973127 
1 0.897339 0.794939 0.693034 0.591811 0.491389 0.391811 0.293034 0.194939 0.0973391 
1 0.897365 0.794988 0.693102 0.591891 0.491474 0.391891 0.293102 0.194988 0.0973652 
1 0.897391 0.795038 0.69317 0.591971 0.491557 0.391971 0.29317 0.195038 0.0973911 
1 0.897417 0.795086 0.693237 0.592049 0.49164 0.39205 0.293237 0.195086 0.0974167 
1 0.897442 0.795135 0.693303 0.592128 0.491722 0.392128 0.293303 0.195135 0.0974421 
1 0.897467 0.795182 0.693369 0.592205 0.491804 0.392205 0.293369 0.195182 0.0974672 
1 0.897492 0.79523 0.693434 0.592281 0.491884 0.392281 0.293434 0.19523 0.0974921 
1 0.897517 0.795277 0.693499 0.592357 0.491964 0.392357 0.293499 0.195277 0.0975167 
1 0.897541 0.795323 0.693563 0.592432 0.492043 0.392432 0.293563 0.195323 0.0975411 
1 0.897565 0.795369 0.693626 0.592507 0.492121 0.392507 0.293626 0.195369 0.0975653 
1 0.897589 0.795414 0.693688 0.59258 0.492198 0.39258 0.293688 0.195414 0.0975892 
1 0.897613 0.795459 0.69375 0.592653 0.492275 0.392653 0.29375 0.195459 0.0976129 
1 0.897636 0.795504 0.693812 0.592725 0.492351 0.392725 0.293812 0.195504 0.0976363 
1 0.89766 0.795548 0.693873 0.592797 0.492426 0.392797 0.293873 0.195548 0.0976595 
1 0.897682 0.795592 0.693933 0.592867 0.4925 0.392867 0.293933 0.195592 0.0976825 
1 0.897705 0.795635 0.693992 0.592937 0.492574 0.392938 0.293992 0.195635 0.0977053 
1 0.897728 0.795678 0.694051 0.593007 0.492647 0.393007 0.294051 0.195678 0.0977278 
1 0.89775 0.79572 0.69411 0.593076 0.492719 0.393076 0.29411 0.19572 0.0977501 
1 0.897772 0.795762 0.694168 0.593144 0.492791 0.393144 0.294168 0.195762 0.0977722 
1 0.897794 0.795804 0.694225 0.593211 0.492862 0.393211 0.294225 0.195804 0.0977941 
1 0.897816 0.795845 0.694282 0.593278 0.492932 0.393278 0.294282 0.195845 0.0978157 
1 0.897837 0.795886 0.694338 0.593344 0.493001 0.393344 0.294338 0.195886 0.0978372 
1 0.897858 0.795927 0.694393 0.593409 0.49307 0.393409 0.294393 0.195927 0.0978584 
1 0.897879 0.795967 0.694448 0.593474 0.493138 0.393474 0.294448 0.195967 0.0978795 
1 0.8979 0.796006 0.694503 0.593538 0.493205 0.393538 0.294503 0.196006 0.0979003 
1 0.897921 0.796045 0.694557 0.593601 0.493272 0.393601 0.294557 0.196045 0.0979209 
1 0.897941 0.796084 0.69461 0.593664 0.493338 0.393664 0.29461 0.196084 0.0979413 
1 0.897962 0.796123 0.694663 0.593726 0.493403 0.393726 0.294663 0.196123 0.0979616 
1 0.897982 0.796161 0.694716 0.593788 0.493468 0.393788 0.294716 0.196161 0.0979816 
1 0.898001 0.796198 0.694768 0.593849 0.493532 0.393849 0.294768 0.196198 0.0980014 
1 0.898021 0.796236 0.694819 0.593909 0.493596 0.393909 0.294819 0.196236 0.098021 
1 0.89804 0.796273 0.69487 0.593969 0.493659 0.393969 0.29487 0.196273 0.0980405 
1 0.89806 0.796309 0.69492 0.594028 0.493721 0.394028 0.29492 0.196309 0.0980597 
1 0.898079 0.796346 0.69497 0.594087 0.493783 0.394087 0.29497 0.196346 0.0980788 
1 0.898098 0.796381 0.69502 0.594145 0.493844 0.394145 0.29502 0.196381 0.0980976 
1 0.898116 0.796417 0.695068 0.594203 0.493904 0.394203 0.295068 0.196417 0.0981163 
1 0.898135 0.796452 0.695117 0.59426 0.493964 0.39426 0.295117 0.196452 0.0981348 
1 0.898153 0.796487 0.695165 0.594316 0.494023 0.394316 0.295165 0.196487 0.0981531 
1 0.898171 0.796522 0.695212 0.594372 0.494082 0.394372 0.295212 0.196522 0.0981713 
1 0.898189 0.796556 0.695259 0.594427 0.49414 0.394427 0.295259 0.196556 0.0981892 
1 0.898207 0.79659 0.695306 0.594482 0.494198 0.394482 0.295306 0.19659 0.098207 
1 0.898225 0.796623 0.695352 0.594536 0.494255 0.394536 0.295352 0.196623 0.0982246 
1 0.898242 0.796656 0.695398 0.59459 0.494311 0.39459 0.295398 0.196656 0.0982421 
1 0.898259 0.796689 0.695443 0.594643 0.494367 0.394643 0.295443 0.196689 0.0982593 
1 0.898276 0.796722 0.695488 0.594695 0.494422 0.394695 0.295488 0.196722 0.0982764 
1 0.898293 0.796754 0.695532 0.594747 0.494477 0.394747 0.295532 0.196754 0.0982933 
1 0.89831 0.796786 0.695576 0.594799 0.494531 0.394799 0.295576 0.196786 0.0983101 
1 0.898327 0.796817 0.695619 0.59485 0.494585 0.39485 0.295619 0.196817 0.0983267 
1 0.898343 0.796848 0.695662 0.594901 0.494638 0.394901 0.295662 0.196848 0.0983431 
1 0.898359 0.796879 0.695705 0.594951 0.494691 0.394951 0.295705 0.196879 0.0983594 
1 0.898376 0.79691 0.695747 0.595 0.494743 0.395 0.295747 0.19691 0.0983755 
1 0.898391 0.79694 0.695789 0.595049 0.494795 0.395049 0.295789 0.19694 0.0983915 
1 0.898407 0.79697 0.69583 0.595098 0.494846 0.395098 0.29583 0.19697 0.0984073 
1 0.898423 0.797 0.695871 0.595146 0.494896 0.395146 0.295871 0.197 0.0984229 
1 0.898438 0.79703 0.695912 0.595194 0.494947 0.395194 0.295912 0.19703 0.0984384 
1 0.898454 0.797059 0.695952 0.595241 0.494996 0.395241 0.295952 0.197059 0.0984537 
1 0.898469 0.797088 0.695992 0.595288 0.495045 0.395288 0.295992 0.197088 0.0984689 
1 0.898484 0.797116 0.696031 0.595334 0.495094 0.395334 0.296031 0.197116 0.098484 
1 0.898499 0.797145 0.69607 0.59538 0.495142 0.39538 0.29607 0.197145 0.0984989 
1 0.898514 0.797173 0.696109 0.595425 0.49519 0.395425 0.296109 0.197173 0.0985136 
1 0.898528 0.7972 0.696147 0.59547 0.495237 0.39547 0.296147 0.1972 0.0985282 
1 0.898543 0.797228 0.696185 0.595515 0.495284 0.395515 0.296185 0.197228 0.0985426 
1 0.898557 0.797255 0.696222 0.595559 0.49533 0.395559 0.296222 0.197255 0.098557 
1 0.898571 0.797282 0.696259 0.595602 0.495376 0.395602 0.296259 0.197282 0.0985711 
1 0.898585 0.797309 0.696296 0.595646 0.495422 0.395646 0.296296 0.197309 0.0985852 
1 0.898599 0.797335 0.696332 0.595688 0.495466 0.395688 0.296332 0.197335 0.0985991 
1 0.898613 0.797361 0.696368 0.595731 0.495511 0.395731 0.296368 0.197361 0.0986128 
1 0.898626 0.797387 0.696404 0.595773 0.495555 0.395773 0.296404 0.197387 0.0986264 
1 0.89864 0.797413 0.696439 0.595814 0.495599 0.395814 0.296439 0.197413 0.0986399 
1 0.898653 0.797438 0.696474 0.595855 0.495642 0.395855 0.296474 0.197438 0.0986533 
1 0.898667 0.797464 0.696509 0.595896 0.495685 0.395896 0.296509 0.197464 0.0986665 
1 0.89868 0.797488 0.696543 0.595936 0.495727 0.395936 0.296543 0.197488 0.0986796 
1 0.898693 0.797513 0.696577 0.595976 0.495769 0.395976 0.296577 0.197513 0.0986926 
1 0.898705 0.797538 0.696611 0.596016 0.495811 0.396016 0.296611 0.197538 0.0987054 
1 0.898718 0.797562 0.696644 0.596055 0.495852 0.396055 0.296644 0.197562 0.0987181 
1 0.898731 0.797586 0.696677 0.596094 0.495893 0.396094 0.296677 0.197586 0.0987307 
1 0.898743 0.797609 0.69671 0.596132 0.495933 0.396132 0.29671 0.197609 0.0987432 
1 0.898756 0.797633 0.696742 0.59617 0.495973 0.39617 0.296742 0.197633 0.0987555 
1 0.898768 0.797656 0.696774 0.596208 0.496012 0.396208 0.296774 0.197656 0.0987678 
1 0.89878 0.797679 0.696806 0.596245 0.496052 0.396245 0.296806 0.197679 0.0987799 
1 0.898792 0.797702 0.696837 0.596282 0.49609 0.396282 0.296837 0.197702 0.0987918 
1 0.898804 0.797725 0.696868 0.596318 0.496129 0.396318 0.296868 0.197725 0.0988037 
1 0.898815 0.797747 0.696899 0.596354 0.496167 0.396354 0.296899 0.197747 0.0988155 
1 0.898827 0.797769 0.696929 0.59639 0.496204 0.39639 0.296929 0.197769 0.0988271 
1 0.898839 0.797791 0.696959 0.596426 0.496242 0.396426 0.296959 0.197791 0.0988386 
1 0.89885 0.797813 0.696989 0.596461 0.496279 0.396461 0.296989 0.197813 0.09885 
1 0.898861 0.797834 0.697019 0.596495 0.496315 0.396495 0.297019 0.197834 0.0988613 
1 0.898872 0.797855 0.697048 0.59653 0.496351 0.39653 0.297048 0.197855 0.0988725 
1 0.898884 0.797876 0.697077 0.596564 0.496387 0.396564 0.297077 0.197876 0.0988836 
1 0.898895 0.797897 0.697106 0.596598 0.496423 0.396598 0.297106 0.197897 0.0988945 
1 0.898905 0.797918 0.697134 0.596631 0.496458 0.396631 0.297134 0.197918 0.0989054 
1 0.898916 0.797938 0.697162 0.596664 0.496493 0.396664 0.297162 0.197938 0.0989161 
1 0.898927 0.797959 0.69719 0.596697 0.496527 0.396697 0.29719 0.197959 0.0989268 
1 0.898937 0.797979 0.697218 0.596729 0.496561 0.396729 0.297218 0.197979 0.0989373 
1 0.898948 0.797999 0.697245 0.596762 0.496595 0.396762 0.297245 0.197999 0.0989478 
1 0.898958 0.798018 0.697272 0.596793 0.496628 0.396793 0.297272 0.198018 0.0989581 
1 0.898968 0.798038 0.697299 0.596825 0.496661 0.396825 0.297299 0.198038 0.0989683 
1 0.898978 0.798057 0.697326 0.596856 0.496694 0.396856 0.297326 0.198057 0.0989785 
1 0.898988 0.798076 0.697352 0.596887 0.496727 0.396887 0.297352 0.198076 0.0989885 
1 0.898998 0.798095 0.697378 0.596917 0.496759 0.396917 0.297378 0.198095 0.0989984 
1 0.899008 0.798114 0.697404 0.596948 0.496791 0.396948 0.297404 0.198114 0.0990083 
1 0.899018 0.798132 0.697429 0.596978 0.496822 0.396978 0.297429 0.198132 0.099018 
1 0.899028 0.79815 0.697454 0.597007 0.496853 0.397007 0.297454 0.19815 0.0990276 
1 0.899037 0.798169 0.697479 0.597037 0.496884 0.397037 0.297479 0.198169 0.0990372 
1 0.899047 0.798187 0.697504 0.597066 0.496915 0.397066 0.297504 0.198187 0.0990466 
1 0.899056 0.798204 0.697529 0.597095 0.496945 0.397095 0.297529 0.198204 0.099056 
1 0.899065 0.798222 0.697553 0.597123 0.496975 0.397123 0.297553 0.198222 0.0990653 
1 0.899074 0.79824 0.697577 0.597151 0.497005 0.397151 0.297577 0.19824 0.0990745 
1 0.899084 0.798257 0.697601 0.597179 0.497034 0.397179 0.297601 0.198257 0.0990836 
1 0.899093 0.798274 0.697624 0.597207 0.497063 0.397207 0.297624 0.198274 0.0990926 
1 0.899101 0.798291 0.697648 0.597235 0.497092 0.397235 0.297648 0.198291 0.0991015 
1 0.89911 0.798308 0.697671 0.597262 0.497121 0.397262 0.297671 0.198308 0.0991103 
1 0.899119 0.798324 0.697694 0.597289 0.497149 0.397289 0.297694 0.198324 0.099119 
1 0.899128 0.798341 0.697716 0.597315 0.497177 0.397315 0.297716 0.198341 0.0991277 
1 0.899136 0.798357 0.697739 0.597342 0.497205 0.397342 0.297739 0.198357 0.0991362 
1 0.899145 0.798373 0.697761 0.597368 0.497232 0.397368 0.297761 0.198373 0.0991447 
1 0.899153 0.798389 0.697783 0.597394 0.497259 0.397394 0.297783 0.198389 0.0991531 
1 0.899161 0.798405 0.697805 0.597419 0.497286 0.397419 0.297805 0.198405 0.0991614 
1 0.89917 0.798421 0.697826 0.597445 0.497313 0.397445 0.297826 0.198421 0.0991697 
1 0.899178 0.798436 0.697848 0.59747 0.497339 0.39747 0.297848 0.198436 0.0991778 
1 0.899186 0.798452 0.697869 0.597494 0.497366 0.397494 0.297869 0.198452 0.0991859 
1 0.899194 0.798467 0.69789 0.597519 0.497391 0.397519 0.29789 0.198467 0.0991939 
1 0.899202 0.798482 0.69791 0.597543 0.497417 0.397543 0.29791 0.198482 0.0992018 
1 0.89921 0.798497 0.697931 0.597568 0.497442 0.397568 0.297931 0.198497 0.0992097 
1 0.899217 0.798511 0.697951 0.597591 0.497468 0.397591 0.297951 0.198511 0.0992174 
1 0.899225 0.798526 0.697971 0.597615 0.497492 0.397615 0.297971 0.198526 0.0992251 
1 0.899233 0.798541 0.697991 0.597639 0.497517 0.397639 0.297991 0.198541 0.0992327 
1 0.89924 0.798555 0.698011 0.597662 0.497541 0.397662 0.298011 0.198555 0.0992403 
1 0.899248 0.798569 0.69803 0.597685 0.497566 0.397685 0.29803 0.198569 0.0992477 
1 0.899255 0.798583 0.69805 0.597707 0.497589 0.397707 0.29805 0.198583 0.0992551 
1 0.899262 0.798597 0.698069 0.59773 0.497613 0.39773 0.298069 0.198597 0.0992624 
1 0.89927 0.798611 0.698088 0.597752 0.497637 0.397752 0.298088 0.198611 0.0992697 
1 0.899277 0.798624 0.698107 0.597774 0.49766 0.397774 0.298107 0.198624 0.0992768 
1 0.899284 0.798638 0.698125 0.597796 0.497683 0.397796 0.298125 0.198638 0.0992839 
1 0.899291 0.798651 0.698144 0.597818 0.497706 0.397818 0.298144 0.198651 0.099291 
1 0.899298 0.798665 0.698162 0.597839 0.497728 0.397839 0.298162 0.198665 0.0992979 
1 0.899305 0.798678 0.69818 0.59786 0.49775 0.39786 0.29818 0.198678 0.0993048 
1 0.899312 0.798691 0.698198 0.597882 0.497772 0.397882 0.298198 0.198691 0.0993117 
1 0.899318 0.798704 0.698216 0.597902 0.497794 0.397902 0.298216 0.198704 0.0993184 
1 0.899325 0.798716 0.698233 0.597923 0.497816 0.397923 0.298233 0.198716 0.0993251 
1 0.899332 0.798729 0.69825 0.597943 0.497837 0.397943 0.29825 0.198729 0.0993317 
1 0.899338 0.798741 0.698268 0.597964 0.497859 0.397964 0.298268 0.198741 0.0993383 
1 0.899345 0.798754 0.698285 0.597984 0.49788 0.397984 0.298285 0.198754 0.0993448 
1 0.899351 0.798766 0.698302 0.598003 0.497901 0.398003 0.298302 0.198766 0.0993512 
1 0.899358 0.798778 0.698318 0.598023 0.497921 0.398023 0.298318 0.198778 0.0993576 
1 0.899364 0.79879 0.698335 0.598042 0.497942 0.398042 0.298335 0.19879 0.0993639 
1 0.89937 0.798802 0.698351 0.598062 0.497962 0.398062 0.298351 0.198802 0.0993702 
1 0.899376 0.798814 0.698367 0.598081 0.497982 0.398081 0.298367 0.198814 0.0993763 
1 0.899382 0.798825 0.698383 0.598099 0.498002 0.398099 0.298383 0.198825 0.0993825 
1 0.899389 0.798837 0.698399 0.598118 0.498021 0.398118 0.298399 0.198837 0.0993885 
1 0.899395 0.798848 0.698415 0.598137 0.498041 0.398137 0.298415 0.198848 0.0993945 
1 0.8994 0.79886 0.69843 0.598155 0.49806 0.398155 0.29843 0.19886 0.0994005 
1 0.899406 0.798871 0.698446 0.598173 0.498079 0.398173 0.298446 0.198871 0.0994064 
1 0.899412 0.798882 0.698461 0.598191 0.498098 0.398191 0.298461 0.198882 0.0994122 
1 0.899418 0.798893 0.698476 0.598209 0.498117 0.398209 0.298476 0.198893 0.099418 
1 0.899424 0.798904 0.698491 0.598226 0.498135 0.398226 0.298491 0.198904 0.0994237 
1 0.899429 0.798915 0.698506 0.598244 0.498153 0.398244 0.298506 0.198915 0.0994294 
1 0.899435 0.798925 0.698521 0.598261 0.498171 0.398261 0.298521 0.198925 0.099435 
1 0.899441 0.798936 0.698535 0.598278 0.498189 0.398278 0.298535 0.198936 0.0994405 
1 0.899446 0.798946 0.69855 0.598295 0.498207 0.398295 0.29855 0.198946 0.099446 
1 0.899451 0.798957 0.698564 0.598312 0.498225 0.398312 0.298564 0.198957 0.0994514 
1 0.899457 0.798967 0.698578 0.598328 0.498242 0.398328 0.298578 0.198967 0.0994568 
1 0.899462 0.798977 0.698592 0.598345 0.49826 0.398345 0.298592 0.198977 0.0994622 
1 0.899467 0.798987 0.698606 0.598361 0.498277 0.398361 0.298606 0.198987 0.0994675 
1 0.899473 0.798997 0.698619 0.598377 0.498294 0.398377 0.298619 0.198997 0.0994727 
1 0.899478 0.799007 0.698633 0.598393 0.49831 0.398393 0.298633 0.199007 0.0994779 
1 0.899483 0.799017 0.698646 0.598409 0.498327 0.398409 0.298646 0.199017 0.099483 
1 0.899488 0.799026 0.69866 0.598424 0.498343 0.398424 0.29866 0.199026 0.0994881 
1 0.899493 0.799036 0.698673 0.59844 0.49836 0.39844 0.298673 0.199036 0.0994931 
1 0.899498 0.799045 0.698686 0.598455 0.498376 0.398455 0.298686 0.199045 0.0994981 
1 0.899503 0.799055 0.698699 0.59847 0.498392 0.39847 0.298699 0.199055 0.099503 
1 0.899508 0.799064 0.698712 0.598485 0.498407 0.398485 0.298712 0.199064 0.0995079 
1 0.899513 0.799073 0.698724 0.5985 0.498423 0.3985 0.298724 0.199073 0.0995127 
1 0.899518 0.799082 0.698737 0.598515 0.498439 0.398515 0.298737 0.199082 0.0995175 
1 0.899522 0.799091 0.698749 0.59853 0.498454 0.39853 0.298749 0.199091 0.0995222 
1 0.899527 0.7991 0.698761 0.598544 0.498469 0.398544 0.298761 0.1991 0.0995269 
1 0.899532 0.799109 0.698774 0.598558 0.498484 0.398558 0.298774 0.199109 0.0995316 
1 0.899536 0.799118 0.698786 0.598573 0.498499 0.398573 0.298786 0.199118 0.0995362 
1 0.899541 0.799126 0.698798 0.598587 0.498514 0.398587 0.298798 0.199126 0.0995407 
1 0.899545 0.799135 0.698809 0.5986 0.498528 0.3986 0.298809 0.199135 0.0995452 
1 0.89955 0.799143 0.698821 0.598614 0.498543 0.398614 0.298821 0.199143 0.0995497 
1 0.899554 0.799152 0.698833 0.598628 0.498557 0.398628 0.298833 0.199152 0.0995541 
1 0.899559 0.79916 0.698844 0.598641 0.498571 0.398641 0.298844 0.19916 0.0995585 
1 0.899563 0.799168 0.698856 0.598655 0.498585 0.398655 0.298856 0.199168 0.0995628 
1 0.899567 0.799177 0.698867 0.598668 0.498599 0.398668 0.298867 0.199177 0.0995671 
1 0.899571 0.799185 0.698878 0.598681 0.498613 0.398681 0.298878 0.199185 0.0995714 
1 0.899576 0.799193 0.698889 0.598694 0.498627 0.398694 0.298889 0.199193 0.0995756 
1 0.89958 0.799201 0.6989 0.598707 0.49864 0.398707 0.2989 0.199201 0.0995798 
1 0.899584 0.799209 0.698911 0.598719 0.498653 0.398719 0.298911 0.199209 0.0995839 
1 0.899588 0.799216 0.698921 0.598732 0.498667 0.398732 0.298921 0.199216 0.099588 
1 0.899592 0.799224 0.698932 0.598744 0.49868 0.398744 0.298932 0.199224 0.099592 
1 0.899596 0.799232 0.698942 0.598757 0.498693 0.398757 0.298942 0.199232 0.099596 
1 0.8996 0.799239 0.698953 0.598769 0.498706 0.398769 0.298953 0.199239 0.0996 
1 0.899604 0.799247 0.698963 0.598781 0.498718 0.398781 0.298963 0.199247 0.0996039 
1 0.899608 0.799254 0.698973 0.598793 0.498731 0.398793 0.298973 0.199254 0.0996078 
1 0.899612 0.799261 0.698983 0.598805 0.498743 0.398805 0.298983 0.199261 0.0996117 
1 0.899615 0.799269 0.698993 0.598817 0.498756 0.398817 0.298993 0.199269 0.0996155 
1 0.899619 0.799276 0.699003 0.598828 0.498768 0.398828 0.299003 0.199276 0.0996193 
1 0.899623 0.799283 0.699013 0.59884 0.49878 0.39884 0.299013 0.199283 0.099623 
1 0.899627 0.79929 0.699023 0.598851 0.498792 0.398851 0.299023 0.19929 0.0996267 
1 0.89963 0.799297 0.699032 0.598862 0.498804 0.398862 0.299032 0.199297 0.0996304 
1 0.899634 0.799304 0.699042 0.598874 0.498816 0.398874 0.299042 0.199304 0.099634 
1 0.899638 0.799311 0.699051 0.598885 0.498827 0.398885 0.299051 0.199311 0.0996376 
1 0.899641 0.799317 0.699061 0.598896 0.498839 0.398896 0.299061 0.199317 0.0996412 
1 0.899645 0.799324 0.69907 0.598906 0.49885 0.398906 0.29907 0.199324 0.0996447 
1 0.899648 0.799331 0.699079 0.598917 0.498861 0.398917 0.299079 0.199331 0.0996482 
1 0.899652 0.799337 0.699088 0.598928 0.498873 0.398928 0.299088 0.199337 0.0996516 
1 0.899655 0.799344 0.699097 0.598938 0.498884 0.398938 0.299097 0.199344 0.099655 
1 0.899658 0.79935 0.699106 0.598949 0.498895 0.398949 0.299106 0.19935 0.0996584 
1 0.899662 0.799357 0.699115 0.598959 0.498906 0.398959 0.299115 0.199357 0.0996618 
1 0.899665 0.799363 0.699123 0.598969 0.498916 0.398969 0.299123 0.199363 0.0996651 
1 0.899668 0.799369 0.699132 0.598979 0.498927 0.398979 0.299132 0.199369 0.0996684 
1 0.899672 0.799375 0.69914 0.598989 0.498937 0.398989 0.29914 0.199375 0.0996717 
1 0.899675 0.799382 0.699149 0.598999 0.498948 0.398999 0.299149 0.199382 0.0996749 
1 0.899678 0.799388 0.699157 0.599009 0.498958 0.399009 0.299157 0.199388 0.0996781 
1 0.899681 0.799394 0.699165 0.599019 0.498968 0.399019 0.299165 0.199394 0.0996812 
1 0.899684 0.7994 0.699174 0.599029 0.498979 0.399029 0.299174 0.1994 0.0996844 
1 0.899687 0.799406 0.699182 0.599038 0.498989 0.399038 0.299182 0.199406 0.0996875 
1 0.899691 0.799411 0.69919 0.599048 0.498999 0.399048 0.29919 0.199411 0.0996905 
1 0.899694 0.799417 0.699198 0.599057 0.499008 0.399057 0.299198 0.199417 0.0996936 
1 0.899697 0.799423 0.699206 0.599066 0.499018 0.399066 0.299206 0.199423 0.0996966 
1 0.8997 0.799429 0.699213 0.599075 0.499028 0.399075 0.299213 0.199429 0.0996996 
1 0.899703 0.799434 0.699221 0.599084 0.499037 0.399084 0.299221 0.199434 0.0997025 
1 0.899705 0.79944 0.699229 0.599093 0.499047 0.399093 0.299229 0.19944 0.0997054 
1 0.899708 0.799445 0.699236 0.599102 0.499056 0.399102 0.299236 0.199445 0.0997083 
1 0.899711 0.799451 0.699244 0.599111 0.499065 0.399111 0.299244 0.199451 0.0997112 
1 0.899714 0.799456 0.699251 0.59912 0.499075 0.39912 0.299251 0.199456 0.099714 
1 0.899717 0.799461 0.699259 0.599129 0.499084 0.399129 0.299259 0.199461 0.0997168 
1 0.89972 0.799467 0.699266 0.599137 0.499093 0.399137 0.299266 0.199467 0.0997196 
1 0.899722 0.799472 0.699273 0.599146 0.499102 0.399146 0.299273 0.199472 0.0997224 
1 0.899725 0.799477 0.69928 0.599154 0.49911 0.399154 0.29928 0.199477 0.0997251 
1 0.899728 0.799482 0.699287 0.599162 0.499119 0.399162 0.299287 0.199482 0.0997278 
1 0.89973 0.799487 0.699294 0.59917 0.499128 0.39917 0.299294 0.199487 0.0997305 
1 0.899733 0.799492 0.699301 0.599179 0.499136 0.399179 0.299301 0.199492 0.0997331 
1 0.899736 0.799497 0.699308 0.599187 0.499145 0.399187 0.299308 0.199497 0.0997357 
1 0.899738 0.799502 0.699315 0.599195 0.499153 0.399195 0.299315 0.199502 0.0997383 
1 0.899741 0.799507 0.699322 0.599203 0.499162 0.399203 0.299322 0.199507 0.0997409 
1 0.899743 0.799512 0.699328 0.59921 0.49917 0.39921 0.299328 0.199512 0.0997434 
1 0.899746 0.799517 0.699335 0.599218 0.499178 0.399218 0.299335 0.199517 0.099746 
1 0.899748 0.799522 0.699341 0.599226 0.499186 0.399226 0.299341 0.199522 0.0997485 
1 0.899751 0.799526 0.699348 0.599233 0.499194 0.399233 0.299348 0.199526 0.0997509 
1 0.899753 0.799531 0.699354 0.599241 0.499202 0.399241 0.299354 0.199531 0.0997534 
1 0.899756 0.799536 0.699361 0.599248 0.49921 0.399248 0.299361 0.199536 0.0997558 
1 0.899758 0.79954 0.699367 0.599256 0.499218 0.399256 0.299367 0.19954 0.0997582 
1 0.899761 0.799545 0.699373 0.599263 0.499225 0.399263 0.299373 0.199545 0.0997606 
1 0.899763 0.799549 0.699379 0.59927 0.499233 0.39927 0.299379 0.199549 0.0997629 
1 0.899765 0.799553 0.699385 0.599278 0.49924 0.399278 0.299385 0.199553 0.0997653 
1 0.899768 0.799558 0.699391 0.599285 0.499248 0.399285 0.299391 0.199558 0.0997676 
1 0.89977 0.799562 0.699397 0.599292 0.499255 0.399292 0.299397 0.199562 0.0997698 
1 0.899772 0.799567 0.699403 0.599299 0.499263 0.399299 0.299403 0.199567 0.0997721 
1 0.899774 0.799571 0.699409 0.599305 0.49927 0.399305 0.299409 0.199571 0.0997743 
1 0.899777 0.799575 0.699415 0.599312 0.499277 0.399312 0.299415 0.199575 0.0997766 
1 0.899779 0.799579 0.699421 0.599319 0.499284 0.399319 0.299421 0.199579 0.0997788 
1 0.899781 0.799583 0.699426 0.599326 0.499291 0.399326 0.299426 0.199583 0.0997809 
1 0.899783 0.799587 0.699432 0.599332 0.499298 0.399332 0.299432 0.199587 0.0997831 
1 0.899785 0.799591 0.699438 0.599339 0.499305 0.399339 0.299438 0.199591 0.0997852 
1 0.899787 0.799595 0.699443 0.599345 0.499312 0.399345 0.299443 0.199595 0.0997873 
1 0.899789 0.799599 0.699449 0.599352 0.499319 0.399352 0.299449 0.199599 0.0997894 
1 0.899791 0.799603 0.699454 0.599358 0.499325 0.399358 0.299454 0.199603 0.0997915 
1 0.899794 0.799607 0.699459 0.599365 0.499332 0.399365 0.299459 0.199607 0.0997935 
1 0.899796 0.799611 0.699465 0.599371 0.499338 0.399371 0.299465 0.199611 0.0997955 
1 0.899798 0.799615 0.69947 0.599377 0.499345 0.399377 0.29947 0.199615 0.0997976 
1 0.8998 0.799619 0.699475 0.599383 0.499351 0.399383 0.299475 0.199619 0.0997995 
1 0.899802 0.799622 0.69948 0.599389 0.499358 0.399389 0.29948 0.199622 0.0998015 
1 0.899803 0.799626 0.699485 0.599395 0.499364 0.399395 0.299485 0.199626 0.0998035 
1 0.899805 0.79963 0.699491 0.599401 0.49937 0.399401 0.299491 0.19963 0.0998054 
1 0.899807 0.799633 0.699496 0.599407 0.499376 0.399407 0.299496 0.199633 0.0998073 
1 0.899809 0.799637 0.6995 0.599413 0.499383 0.399413 0.2995 0.199637 0.0998092 
1 0.899811 0.799641 0.699505 0.599419 0.499389 0.399419 0.299505 0.199641 0.0998111 
1 0.899813 0.799644 0.69951 0.599424 0.499395 0.399424 0.29951 0.199644 0.0998129 
1 0.899815 0.799648 0.699515 0.59943 0.499401 0.39943 0.299515 0.199648 0.0998148 
1 0.899817 0.799651 0.69952 0.599436 0.499406 0.399436 0.29952 0.199651 0.0998166 
1 0.899818 0.799655 0.699525 0.599441 0.499412 0.399441 0.299525 0.199655 0.0998184 
1 0.89982 0.799658 0.699529 0.599447 0.499418 0.399447 0.299529 0.199658 0.0998202 
1 0.899822 0.799661 0.699534 0.599452 0.499424 0.399452 0.299534 0.199661 0.0998219 
1 0.899824 0.799665 0.699538 0.599457 0.499429 0.399457 0.299538 0.199665 0.0998237 
1 0.899825 0.799668 0.699543 0.599463 0.499435 0.399463 0.299543 0.199668 0.0998254 
1 0.899827 0.799671 0.699547 0.599468 0.499441 0.399468 0.299547 0.199671 0.0998271 
1 0.899829 0.799674 0.699552 0.599473 0.499446 0.399473 0.299552 0.199674 0.0998288 
1 0.899831 0.799678 0.699556 0.599478 0.499452 0.399478 0.299556 0.199678 0.0998305 
1 0.899832 0.799681 0.699561 0.599483 0.499457 0.399483 0.299561 0.199681 0.0998322 
1 0.899834 0.799684 0.699565 0.599489 0.499462 0.399489 0.299565 0.199684 0.0998338 
1 0.899835 0.799687 0.699569 0.599494 0.499468 0.399494 0.299569 0.199687 0.0998355 
1 0.899837 0.79969 0.699573 0.599499 0.499473 0.399499 0.299573 0.19969 0.0998371 
1 0.899839 0.799693 0.699578 0.599503 0.499478 0.399503 0.299578 0.199693 0.0998387 
1 0.89984 0.799696 0.699582 0.599508 0.499483 0.399508 0.299582 0.199696 0.0998403 
1 0.899842 0.799699 0.699586 0.599513 0.499488 0.399513 0.299586 0.199699 0.0998418 
1 0.899843 0.799702 0.69959 0.599518 0.499493 0.399518 0.29959 0.199702 0.0998434 
1 0.899845 0.799705 0.699594 0.599523 0.499498 0.399523 0.299594 0.199705 0.0998449 
1 0.899846 0.799708 0.699598 0.599527 0.499503 0.399527 0.299598 0.199708 0.0998464 
1 0.899848 0.799711 0.699602 0.599532 0.499508 0.399532 0.299602 0.199711 0.0998479 
1 0.899849 0.799714 0.699606 0.599537 0.499513 0.399537 0.299606 0.199714 0.0998494 
1 0.899851 0.799716 0.69961 0.599541 0.499518 0.399541 0.29961 0.199716 0.0998509 
1 0.899852 0.799719 0.699614 0.599546 0.499522 0.399546 0.299614 0.199719 0.0998524 
1 0.899854 0.799722 0.699617 0.59955 0.499527 0.39955 0.299617 0.199722 0.0998538 
1 0.899855 0.799725 0.699621 0.599555 0.499532 0.399555 0.299621 0.199725 0.0998553 
1 0.899857 0.799727 0.699625 0.599559 0.499536 0.399559 0.299625 0.199727 0.0998567 
1 0.899858 0.79973 0.699628 0.599563 0.499541 0.399563 0.299628 0.19973 0.0998581 
1 0.899859 0.799733 0.699632 0.599568 0.499545 0.399568 0.299632 0.199733 0.0998595 
1 0.899861 0.799735 0.699636 0.599572 0.49955 0.399572 0.299636 0.199735 0.0998609 
1 0.899862 0.799738 0.699639 0.599576 0.499554 0.399576 0.299639 0.199738 0.0998622 
1 0.899864 0.799741 0.699643 0.59958 0.499559 0.39958 0.299643 0.199741 0.0998636 
1 0.899865 0.799743 0.699646 0.599584 0.499563 0.399584 0.299646 0.199743 0.0998649 
1 0.899866 0.799746 0.69965 0.599588 0.499567 0.399588 0.29965 0.199746 0.0998663 
1 0.899868 0.799748 0.699653 0.599592 0.499571 0.399592 0.299653 0.199748 0.0998676 
1 0.899869 0.799751 0.699657 0.599596 0.499576 0.399596 0.299657 0.199751 0.0998689 
1 0.89987 0.799753 0.69966 0.5996 0.49958 0.3996 0.29966 0.199753 0.0998702 
1 0.899871 0.799755 0.699663 0.599604 0.499584 0.399604 0.299663 0.199755 0.0998714 
1 0.899873 0.799758 0.699667 0.599608 0.499588 0.399608 0.299667 0.199758 0.0998727 
1 0.899874 0.79976 0.69967 0.599612 0.499592 0.399612 0.29967 0.19976 0.0998739 
1 0.899875 0.799763 0.699673 0.599616 0.499596 0.399616 0.299673 0.199763 0.0998752 
1 0.899876 0.799765 0.699676 0.59962 0.4996 0.39962 0.299676 0.199765 0.0998764 
1 0.899878 0.799767 0.69968 0.599623 0.499604 0.399623 0.29968 0.199767 0.0998776 
1 0.899879 0.79977 0.699683 0.599627 0.499608 0.399627 0.299683 0.19977 0.0998788 
1 0.89988 0.799772 0.699686 0.599631 0.499612 0.399631 0.299686 0.199772 0.09988 
1 0.899881 0.799774 0.699689 0.599634 0.499616 0.399634 0.299689 0.199774 0.0998812 
1 0.899882 0.799776 0.699692 0.599638 0.499619 0.399638 0.299692 0.199776 0.0998824 
1 0.899884 0.799778 0.699695 0.599641 0.499623 0.399641 0.299695 0.199778 0.0998835 
1 0.899885 0.799781 0.699698 0.599645 0.499627 0.399645 0.299698 0.199781 0.0998847 
1 0.899886 0.799783 0.699701 0.599649 0.49963 0.399649 0.299701 0.199783 0.0998858 
1 0.899887 0.799785 0.699704 0.599652 0.499634 0.399652 0.299704 0.199785 0.0998869 
1 0.899888 0.799787 0.699707 0.599655 0.499638 0.399655 0.299707 0.199787 0.099888 
1 0.899889 0.799789 0.69971 0.599659 0.499641 0.399659 0.29971 0.199789 0.0998891 
1 0.89989 0.799791 0.699713 0.599662 0.499645 0.399662 0.299713 0.199791 0.0998902 
1 0.899891 0.799793 0.699715 0.599665 0.499648 0.399665 0.299715 0.199793 0.0998913 
1 0.899892 0.799795 0.699718 0.599669 0.499652 0.399669 0.299718 0.199795 0.0998924 
1 0.899893 0.799797 0.699721 0.599672 0.499655 0.399672 0.299721 0.199797 0.0998934 
1 0.899894 0.799799 0.699724 0.599675 0.499658 0.399675 0.299724 0.199799 0.0998945 
1 0.899895 0.799801 0.699726 0.599678 0.499662 0.399678 0.299726 0.199801 0.0998955 
1 0.899897 0.799803 0.699729 0.599682 0.499665 0.399682 0.299729 0.199803 0.0998965 
1 0.899898 0.799805 0.699732 0.599685 0.499668 0.399685 0.299732 0.199805 0.0998975 
1 0.899899 0.799807 0.699734 0.599688 0.499672 0.399688 0.299734 0.199807 0.0998985 
1 0.8999 0.799809 0.699737 0.599691 0.499675 0.399691 0.299737 0.199809 0.0998995 
1 0.899901 0.799811 0.69974 0.599694 0.499678 0.399694 0.29974 0.199811 0.0999005 
1 0.899902 0.799813 0.699742 0.599697 0.499681 0.399697 0.299742 0.199813 0.0999015 
1 0.899902 0.799814 0.699745 0.5997 0.499684 0.3997 0.299745 0.199814 0.0999025 
1 0.899903 0.799816 0.699747 0.599703 0.499688 0.399703 0.299747 0.199816 0.0999034 
1 0.899904 0.799818 0.69975 0.599706 0.499691 0.399706 0.29975 0.199818 0.0999044 
1 0.899905 0.79982 0.699752 0.599709 0.499694 0.399709 0.299752 0.19982 0.0999053 
1 0.899906 0.799822 0.699755 0.599711 0.499697 0.399711 0.299755 0.199822 0.0999063 
1 0.899907 0.799823 0.699757 0.599714 0.4997 0.399714 0.299757 0.199823 0.0999072 
1 0.899908 0.799825 0.699759 0.599717 0.499703 0.399717 0.299759 0.199825 0.0999081 
1 0.899909 0.799827 0.699762 0.59972 0.499705 0.39972 0.299762 0.199827 0.099909 
1 0.89991 0.799829 0.699764 0.599723 0.499708 0.399723 0.299764 0.199829 0.0999099 
1 0.899911 0.79983 0.699766 0.599725 0.499711 0.399725 0.299766 0.19983 0.0999108 
1 0.899912 0.799832 0.699769 0.599728 0.499714 0.399728 0.299769 0.199832 0.0999116 
1 0.899913 0.799834 0.699771 0.599731 0.499717 0.399731 0.299771 0.199834 0.0999125 
1 0.899913 0.799835 0.699773 0.599733 0.49972 0.399733 0.299773 0.199835 0.0999134 
1 0.899914 0.799837 0.699775 0.599736 0.499722 0.399736 0.299775 0.199837 0.0999142 
1 0.899915 0.799838 0.699778 0.599739 0.499725 0.399739 0.299778 0.199838 0.0999151 
1 0.899916 0.79984 0.69978 0.599741 0.499728 0.399741 0.29978 0.19984 0.0999159 
1 0.899917 0.799842 0.699782 0.599744 0.499731 0.399744 0.299782 0.199842 0.0999167 
1 0.899918 0.799843 0.699784 0.599746 0.499733 0.399746 0.299784 0.199843 0.0999175 
1 0.899918 0.799845 0.699786 0.599749 0.499736 0.399749 0.299786 0.199845 0.0999183 
1 0.899919 0.799846 0.699788 0.599751 0.499738 0.399751 0.299788 0.199846 0.0999192 
1 0.89992 0.799848 0.69979 0.599754 0.499741 0.399754 0.29979 0.199848 0.0999199 
1 0.899921 0.799849 0.699792 0.599756 0.499743 0.399756 0.299792 0.199849 0.0999207 
1 0.899922 0.799851 0.699795 0.599758 0.499746 0.399758 0.299795 0.199851 0.0999215 
1 0.899922 0.799852 0.699797 0.599761 0.499748 0.399761 0.299797 0.199852 0.0999223 
1 0.899923 0.799854 0.699799 0.599763 0.499751 0.399763 0.299799 0.199854 0.099923 
1 0.899924 0.799855 0.699801 0.599765 0.499753 0.399765 0.299801 0.199855 0.0999238 
1 0.899925 0.799856 0.699802 0.599768 0.499756 0.399768 0.299802 0.199856 0.0999245 
1 0.899925 0.799858 0.699804 0.59977 0.499758 0.39977 0.299804 0.199858 0.0999253 
1 0.899926 0.799859 0.699806 0.599772 0.499761 0.399772 0.299806 0.199859 0.099926 
1 0.899927 0.799861 0.699808 0.599775 0.499763 0.399775 0.299808 0.199861 0.0999267 
1 0.899927 0.799862 0.69981 0.599777 0.499765 0.399777 0.29981 0.199862 0.0999275 
1 0.899928 0.799863 0.699812 0.599779 0.499768 0.399779 0.299812 0.199863 0.0999282 
1 0.899929 0.799865 0.699814 0.599781 0.49977 0.399781 0.299814 0.199865 0.0999289 
1 0.89993 0.799866 0.699816 0.599783 0.499772 0.399783 0.299816 0.199866 0.0999296 
1 0.89993 0.799867 0.699817 0.599785 0.499774 0.399785 0.299817 0.199867 0.0999303 
1 0.899931 0.799869 0.699819 0.599788 0.499777 0.399788 0.299819 0.199869 0.099931 
1 0.899932 0.79987 0.699821 0.59979 0.499779 0.39979 0.299821 0.19987 0.0999316 
1 0.899932 0.799871 0.699823 0.599792 0.499781 0.399792 0.299823 0.199871 0.0999323 
1 0.899933 0.799873 0.699825 0.599794 0.499783 0.399794 0.299825 0.199873 0.099933 
1 0.899934 0.799874 0.699826 0.599796 0.499785 0.399796 0.299826 0.199874 0.0999336 
1 0.899934 0.799875 0.699828 0.599798 0.499787 0.399798 0.299828 0.199875 0.0999343 
1 0.899935 0.799876 0.69983 0.5998 0.499789 0.3998 0.29983 0.199876 0.0999349 
1 0.899936 0.799877 0.699831 0.599802 0.499791 0.399802 0.299831 0.199877 0.0999356 
1 0.899936 0.799879 0.699833 0.599804 0.499794 0.399804 0.299833 0.199879 0.0999362 
1 0.899937 0.79988 0.699835 0.599806 0.499796 0.399806 0.299835 0.19988 0.0999368 
1 0.899937 0.799881 0.699836 0.599807 0.499798 0.399807 0.299836 0.199881 0.0999374 
1 0.899938 0.799882 0.699838 0.599809 0.4998 0.399809 0.299838 0.199882 0.0999381 
1 0.899939 0.799883 0.699839 0.599811 0.499802 0.399811 0.299839 0.199883 0.0999387 
1 0.899939 0.799884 0.699841 0.599813 0.499803 0.399813 0.299841 0.199884 0.0999393 
1 0.89994 0.799886 0.699843 0.599815 0.499805 0.399815 0.299843 0.199886 0.0999399 
1 0.89994 0.799887 0.699844 0.599817 0.499807 0.399817 0.299844 0.199887 0.0999405 
1 0.899941 0.799888 0.699846 0.599819 0.499809 0.399819 0.299846 0.199888 0.099941 
1 0.899942 0.799889 0.699847 0.59982 0.499811 0.39982 0.299847 0.199889 0.0999416 
1 0.899942 0.79989 0.699849 0.599822 0.499813 0.399822 0.299849 0.19989 0.0999422 
1 0.899943 0.799891 0.69985 0.599824 0.499815 0.399824 0.29985 0.199891 0.0999428 
1 0.899943 0.799892 0.699852 0.599826 0.499817 0.399826 0.299852 0.199892 0.0999433 
1 0.899944 0.799893 0.699853 0.599827 0.499818 0.399827 0.299853 0.199893 0.0999439 
1 0.899944 0.799894 0.699855 0.599829 0.49982 0.399829 0.299855 0.199894 0.0999444 
1 0.899945 0.799895 0.699856 0.599831 0.499822 0.399831 0.299856 0.199895 0.099945 
1 0.899946 0.799896 0.699857 0.599832 0.499824 0.399832 0.299857 0.199896 0.0999455 
1 0.899946 0.799897 0.699859 0.599834 0.499825 0.399834 0.299859 0.199897 0.0999461 
1 0.899947 0.799898 0.69986 0.599836 0.499827 0.399836 0.29986 0.199898 0.0999466 
1 0.899947 0.799899 0.699862 0.599837 0.499829 0.399837 0.299862 0.199899 0.0999471 
1 0.899948 0.7999 0.699863 0.599839 0.499831 0.399839 0.299863 0.1999 0.0999476 
1 0.899948 0.799901 0.699864 0.59984 0.499832 0.39984 0.299864 0.199901 0.0999481 
1 0.899949 0.799902 0.699866 0.599842 0.499834 0.399842 0.299866 0.199902 0.0999487 
1 0.899949 0.799903 0.699867 0.599844 0.499835 0.399844 0.299867 0.199903 0.0999492 
1 0.89995 0.799904 0.699868 0.599845 0.499837 0.399845 0.299868 0.199904 0.0999497 
1 0.89995 0.799905 0.699869 0.599847 0.499839 0.399847 0.299869 0.199905 0.0999502 
1 0.899951 0.799906 0.699871 0.599848 0.49984 0.399848 0.299871 0.199906 0.0999506 
1 0.899951 0.799907 0.699872 0.59985 0.499842 0.39985 0.299872 0.199907 0.0999511 
1 0.899952 0.799908 0.699873 0.599851 0.499843 0.399851 0.299873 0.199908 0.0999516 
1 0.899952 0.799909 0.699875 0.599853 0.499845 0.399853 0.299875 0.199909 0.0999521 
1 0.899953 0.79991 0.699876 0.599854 0.499846 0.399854 0.299876 0.19991 0.0999526 
1 0.899953 0.799911 0.699877 0.599855 0.499848 0.399855 0.299877 0.199911 0.099953 
1 0.899953 0.799912 0.699878 0.599857 0.499849 0.399857 0.299878 0.199912 0.0999535 
1 0.899954 0.799912 0.699879 0.599858 0.499851 0.399858 0.299879 0.199912 0.0999539 
1 0.899954 0.799913 0.699881 0.59986 0.499852 0.39986 0.299881 0.199913 0.0999544 
1 0.899955 0.799914 0.699882 0.599861 0.499854 0.399861 0.299882 0.199914 0.0999548 
1 0.899955 0.799915 0.699883 0.599862 0.499855 0.399862 0.299883 0.199915 0.0999553 
1 0.899956 0.799916 0.699884 0.599864 0.499857 0.399864 0.299884 0.199916 0.0999557 
1 0.899956 0.799917 0.699885 0.599865 0.499858 0.399865 0.299885 0.199917 0.0999562 
1 0.899957 0.799917 0.699886 0.599866 0.49986 0.399866 0.299886 0.199917 0.0999566 
1 0.899957 0.799918 0.699887 0.599868 0.499861 0.399868 0.299887 0.199918 0.099957 
1 0.899957 0.799919 0.699889 0.599869 0.499862 0.399869 0.299889 0.199919 0.0999574 
1 0.899958 0.79992 0.69989 0.59987 0.499864 0.39987 0.29989 0.19992 0.0999579 
1 0.899958 0.799921 0.699891 0.599872 0.499865 0.399872 0.299891 0.199921 0.0999583 
1 0.899959 0.799921 0.699892 0.599873 0.499866 0.399873 0.299892 0.199921 0.0999587 
1 0.899959 0.799922 0.699893 0.599874 0.499868 0.399874 0.299893 0.199922 0.0999591 
1 0.899959 0.799923 0.699894 0.599875 0.499869 0.399875 0.299894 0.199923 0.0999595 
1 0.89996 0.799924 0.699895 0.599877 0.49987 0.399877 0.299895 0.199924 0.0999599 
1 0.89996 0.799924 0.699896 0.599878 0.499871 0.399878 0.299896 0.199924 0.0999603 
1 0.899961 0.799925 0.699897 0.599879 0.499873 0.399879 0.299897 0.199925 0.0999607 
1 0.899961 0.799926 0.699898 0.59988 0.499874 0.39988 0.299898 0.199926 0.0999611 
1 0.899961 0.799927 0.699899 0.599881 0.499875 0.399881 0.299899 0.199927 0.0999614 
1 0.899962 0.799927 0.6999 0.599882 0.499876 0.399882 0.2999 0.199927 0.0999618 
1 0.899962 0.799928 0.699901 0.599884 0.499878 0.399884 0.299901 0.199928 0.0999622 
1 0.899963 0.799929 0.699902 0.599885 0.499879 0.399885 0.299902 0.199929 0.0999626 
1 0.899963 0.799929 0.699903 0.599886 0.49988 0.399886 0.299903 0.199929 0.0999629 
1 0.899963 0.79993 0.699904 0.599887 0.499881 0.399887 0.299904 0.19993 0.0999633 
1 0.899964 0.799931 0.699905 0.599888 0.499882 0.399888 0.299905 0.199931 0.0999637 
1 0.899964 0.799932 0.699906 0.599889 0.499884 0.399889 0.299906 0.199932 0.099964 
1 0.899964 0.799932 0.699907 0.59989 0.499885 0.39989 0.299907 0.199932 0.0999644 
1 0.899965 0.799933 0.699908 0.599891 0.499886 0.399891 0.299908 0.199933 0.0999647 
1 0.899965 0.799934 0.699909 0.599892 0.499887 0.399892 0.299909 0.199934 0.0999651 
1 0.899965 0.799934 0.699909 0.599894 0.499888 0.399894 0.299909 0.199934 0.0999654 
1 0.899966 0.799935 0.69991 0.599895 0.499889 0.399895 0.29991 0.199935 0.0999657 
1 0.899966 0.799935 0.699911 0.599896 0.49989 0.399896 0.299911 0.199935 0.0999661 
1 0.899966 0.799936 0.699912 0.599897 0.499891 0.399897 0.299912 0.199936 0.0999664 
1 0.899967 0.799937 0.699913 0.599898 0.499892 0.399898 0.299913 0.199937 0.0999667 
1 0.899967 0.799937 0.699914 0.599899 0.499893 0.399899 0.299914 0.199937 0.0999671 
1 0.899967 0.799938 0.699915 0.5999 0.499894 0.3999 0.299915 0.199938 0.0999674 
1 0.899968 0.799939 0.699915 0.599901 0.499896 0.399901 0.299915 0.199939 0.0999677 
1 0.899968 0.799939 0.699916 0.599902 0.499897 0.399902 0.299916 0.199939 0.099968 
1 0.899968 0.79994 0.699917 0.599903 0.499898 0.399903 0.299917 0.19994 0.0999683 
1 0.899969 0.79994 0.699918 0.599904 0.499899 0.399904 0.299918 0.19994 0.0999687 
1 0.899969 0.799941 0.699919 0.599904 0.4999 0.399904 0.299919 0.199941 0.099969 
1 0.899969 0.799942 0.69992 0.599905 0.499901 0.399905 0.29992 0.199942 0.0999693 
1 0.89997 0.799942 0.69992 0.599906 0.499902 0.399906 0.29992 0.199942 0.0999696 
1 0.89997 0.799943 0.699921 0.599907 0.499902 0.399907 0.299921 0.199943 0.0999699 
1 0.89997 0.799943 0.699922 0.599908 0.499903 0.399908 0.299922 0.199943 0.0999702 
1 0.89997 0.799944 0.699923 0.599909 0.499904 0.399909 0.299923 0.199944 0.0999705 
1 0.899971 0.799944 0.699923 0.59991 0.499905 0.39991 0.299923 0.199944 0.0999707 
1 0.899971 0.799945 0.699924 0.599911 0.499906 0.399911 0.299924 0.199945 0.099971 
1 0.899971 0.799945 0.699925 0.599912 0.499907 0.399912 0.299925 0.199945 0.0999713 
1 0.899972 0.799946 0.699926 0.599913 0.499908 0.399913 0.299926 0.199946 0.0999716 
1 0.899972 0.799947 0.699926 0.599913 0.499909 0.399913 0.299926 0.199947 0.0999719 
1 0.899972 0.799947 0.699927 0.599914 0.49991 0.399914 0.299927 0.199947 0.0999722 
1 0.899972 0.799948 0.699928 0.599915 0.499911 0.399915 0.299928 0.199948 0.0999724 
1 0.899973 0.799948 0.699929 0.599916 0.499912 0.399916 0.299929 0.199948 0.0999727 
1 0.899973 0.799949 0.699929 0.599917 0.499913 0.399917 0.299929 0.199949 0.099973 
1 0.899973 0.799949 0.69993 0.599918 0.499913 0.399918 0.29993 0.199949 0.0999732 
1 0.899973 0.79995 0.699931 0.599918 0.499914 0.399918 0.299931 0.19995 0.0999735 
1 0.899974 0.79995 0.699931 0.599919 0.499915 0.399919 0.299931 0.19995 0.0999738 
1 0.899974 0.799951 0.699932 0.59992 0.499916 0.39992 0.299932 0.199951 0.099974 
1 0.899974 0.799951 0.699933 0.599921 0.499917 0.399921 0.299933 0.199951 0.0999743 
1 0.899975 0.799952 0.699933 0.599922 0.499918 0.399922 0.299933 0.199952 0.0999745 
1 0.899975 0.799952 0.699934 0.599922 0.499918 0.399922 0.299934 0.199952 0.0999748 
1 0.899975 0.799952 0.699935 0.599923 0.499919 0.399923 0.299935 0.199952 0.099975 
1 0.899975 0.799953 0.699935 0.599924 0.49992 0.399924 0.299935 0.199953 0.0999753 
1 0.899976 0.799953 0.699936 0.599925 0.499921 0.399925 0.299936 0.199953 0.0999755 
1 0.899976 0.799954 0.699937 0.599925 0.499922 0.399925 0.299937 0.199954 0.0999757 
1 0.899976 0.799954 0.699937 0.599926 0.499922 0.399926 0.299937 0.199954 0.099976 
1 0.899976 0.799955 0.699938 0.599927 0.499923 0.399927 0.299938 0.199955 0.0999762 
1 0.899976 0.799955 0.699938 0.599928 0.499924 0.399928 0.299938 0.199955 0.0999765 
1 0.899977 0.799956 0.699939 0.599928 0.499925 0.399928 0.299939 0.199956 0.0999767 
1 0.899977 0.799956 0.69994 0.599929 0.499925 0.399929 0.29994 0.199956 0.0999769 
1 0.899977 0.799957 0.69994 0.59993 0.499926 0.39993 0.29994 0.199957 0.0999771 
1 0.899977 0.799957 0.699941 0.59993 0.499927 0.39993 0.299941 0.199957 0.0999774 
1 0.899978 0.799957 0.699941 0.599931 0.499927 0.399931 0.299941 0.199957 0.0999776 
1 0.899978 0.799958 0.699942 0.599932 0.499928 0.399932 0.299942 0.199958 0.0999778 
1 0.899978 0.799958 0.699942 0.599932 0.499929 0.399932 0.299942 0.199958 0.099978 
1 0.899978 0.799959 0.699943 0.599933 0.49993 0.399933 0.299943 0.199959 0.0999782 
1 0.899978 0.799959 0.699944 0.599934 0.49993 0.399934 0.299944 0.199959 0.0999785 
1 0.899979 0.799959 0.699944 0.599934 0.499931 0.399934 0.299944 0.199959 0.0999787 
1 0.899979 0.79996 0.699945 0.599935 0.499932 0.399935 0.299945 0.19996 0.0999789 
1 0.899979 0.79996 0.699945 0.599936 0.499932 0.399936 0.299945 0.19996 0.0999791 
1 0.899979 0.799961 0.699946 0.599936 0.499933 0.399936 0.299946 0.199961 0.0999793 
1 0.899979 0.799961 0.699946 0.599937 0.499934 0.399937 0.299946 0.199961 0.0999795 
1 0.89998 0.799961 0.699947 0.599938 0.499934 0.399938 0.299947 0.199961 0.0999797 
1 0.89998 0.799962 0.699947 0.599938 0.499935 0.399938 0.299947 0.199962 0.0999799 
1 0.89998 0.799962 0.699948 0.599939 0.499936 0.399939 0.299948 0.199962 0.0999801 
1 0.89998 0.799963 0.699948 0.599939 0.499936 0.399939 0.299948 0.199963 0.0999803 
1 0.89998 0.799963 0.699949 0.59994 0.499937 0.39994 0.299949 0.199963 0.0999805 
1 0.899981 0.799963 0.699949 0.599941 0.499937 0.399941 0.299949 0.199963 0.0999807 
1 0.899981 0.799964 0.69995 0.599941 0.499938 0.399941 0.29995 0.199964 0.0999809 
1 0.899981 0.799964 0.69995 0.599942 0.499939 0.399942 0.29995 0.199964 0.0999811 
1 0.899981 0.799964 0.699951 0.599942 0.499939 0.399942 0.299951 0.199964 0.0999812 
1 0.899981 0.799965 0.699951 0.599943 0.49994 0.399943 0.299951 0.199965 0.0999814 
1 0.899982 0.799965 0.699952 0.599943 0.49994 0.399943 0.299952 0.199965 0.0999816 
1 0.899982 0.799965 0.699952 0.599944 0.499941 0.399944 0.299952 0.199965 0.0999818 
1 0.899982 0.799966 0.699953 0.599944 0.499942 0.399944 0.299953 0.199966 0.099982 
1 0.899982 0.799966 0.699953 0.599945 0.499942 0.399945 0.299953 0.199966 0.0999821 
1 0.899982 0.799966 0.699954 0.599946 0.499943 0.399946 0.299954 0.199966 0.0999823 
1 0.899982 0.799967 0.699954 0.599946 0.499943 0.399946 0.299954 0.199967 0.0999825 
1 0.899983 0.799967 0.699955 0.599947 0.499944 0.399947 0.299955 0.199967 0.0999827 
1 0.899983 0.799967 0.699955 0.599947 0.499944 0.399947 0.299955 0.199967 0.0999828 
1 0.899983 0.799968 0.699955 0.599948 0.499945 0.399948 0.299955 0.199968 0.099983 
1 0.899983 0.799968 0.699956 0.599948 0.499946 0.399948 0.299956 0.199968 0.0999832 
1 0.899983 0.799968 0.699956 0.599949 0.499946 0.399949 0.299956 0.199968 0.0999833 
1 0.899983 0.799969 0.699957 0.599949 0.499947 0.399949 0.299957 0.199969 0.0999835 
1 0.899984 0.799969 0.699957 0.59995 0.499947 0.39995 0.299957 0.199969 0.0999837 
1 0.899984 0.799969 0.699958 0.59995 0.499948 0.39995 0.299958 0.199969 0.0999838 
1 0.899984 0.79997 0.699958 0.599951 0.499948 0.399951 0.299958 0.19997 0.099984 
1 0.899984 0.79997 0.699958 0.599951 0.499949 0.399951 0.299958 0.19997 0.0999841 
1 0.899984 0.79997 0.699959 0.599952 0.499949 0.399952 0.299959 0.19997 0.0999843 
1 0.899984 0.79997 0.699959 0.599952 0.49995 0.399952 0.299959 0.19997 0.0999844 
1 0.899985 0.799971 0.69996 0.599953 0.49995 0.399953 0.29996 0.199971 0.0999846 
1 0.899985 0.799971 0.69996 0.599953 0.499951 0.399953 0.29996 0.199971 0.0999847 
1 0.899985 0.799971 0.69996 0.599954 0.499951 0.399954 0.29996 0.199971 0.0999849 
1 0.899985 0.799972 0.699961 0.599954 0.499952 0.399954 0.299961 0.199972 0.099985 
1 0.899985 0.799972 0.699961 0.599954 0.499952 0.399954 0.299961 0.199972 0.0999852 
1 0.899985 0.799972 0.699962 0.599955 0.499953 0.399955 0.299962 0.199972 0.0999853 
1 0.899985 0.799972 0.699962 0.599955 0.499953 0.399955 0.299962 0.199972 0.0999855 
1 0.899986 0.799973 0.699962 0.599956 0.499953 0.399956 0.299962 0.199973 0.0999856 
1 0.899986 0.799973 0.699963 0.599956 0.499954 0.399956 0.299963 0.199973 0.0999858 
1 0.899986 0.799973 0.699963 0.599957 0.499954 0.399957 0.299963 0.199973 0.0999859 
1 0.899986 0.799973 0.699963 0.599957 0.499955 0.399957 0.299963 0.199973 0.099986 
1 0.899986 0.799974 0.699964 0.599957 0.499955 0.399957 0.299964 0.199974 0.0999862 
1 0.899986 0.799974 0.699964 0.599958 0.499956 0.399958 0.299964 0.199974 0.0999863 
1 0.899986 0.799974 0.699965 0.599958 0.499956 0.399958 0.299965 0.199974 0.0999865 
1 0.899987 0.799974 0.699965 0.599959 0.499957 0.399959 0.299965 0.199974 0.0999866 
1 0.899987 0.799975 0.699965 0.599959 0.499957 0.399959 0.299965 0.199975 0.0999867 
1 0.899987 0.799975 0.699966 0.59996 0.499957 0.39996 0.299966 0.199975 0.0999868 
1 0.899987 0.799975 0.699966 0.59996 0.499958 0.39996 0.299966 0.199975 0.099987 
1 0.899987 0.799975 0.699966 0.59996 0.499958 0.39996 0.299966 0.199975 0.0999871 
1 0.899987 0.799976 0.699967 0.599961 0.499959 0.399961 0.299967 0.199976 0.0999872 
1 0.899987 0.799976 0.699967 0.599961 0.499959 0.399961 0.299967 0.199976 0.0999874 
1 0.899987 0.799976 0.699967 0.599961 0.499959 0.399961 0.299967 0.199976 0.0999875 
1 0.899988 0.799976 0.699968 0.599962 0.49996 0.399962 0.299968 0.199976 0.0999876 
1 0.899988 0.799977 0.699968 0.599962 0.49996 0.399962 0.299968 0.199977 0.0999877 
1 0.899988 0.799977 0.699968 0.599963 0.499961 0.399963 0.299968 0.199977 0.0999878 
1 0.899988 0.799977 0.699968 0.599963 0.499961 0.399963 0.299968 0.199977 0.099988 
1 0.899988 0.799977 0.699969 0.599963 0.499961 0.399963 0.299969 0.199977 0.0999881 
1 0.899988 0.799978 0.699969 0.599964 0.499962 0.399964 0.299969 0.199978 0.0999882 
1 0.899988 0.799978 0.699969 0.599964 0.499962 0.399964 0.299969 0.199978 0.0999883 
1 0.899988 0.799978 0.69997 0.599964 0.499963 0.399964 0.29997 0.199978 0.0999884 
1 0.899989 0.799978 0.69997 0.599965 0.499963 0.399965 0.29997 0.199978 0.0999885 
1 0.899989 0.799978 0.69997 0.599965 0.499963 0.399965 0.29997 0.199978 0.0999887 
1 0.899989 0.799979 0.699971 0.599965 0.499964 0.399965 0.299971 0.199979 0.0999888 
1 0.899989 0.799979 0.699971 0.599966 0.499964 0.399966 0.299971 0.199979 0.0999889 
1 0.899989 0.799979 0.699971 0.599966 0.499964 0.399966 0.299971 0.199979 0.099989 
1 0.899989 0.799979 0.699971 0.599966 0.499965 0.399966 0.299971 0.199979 0.0999891 
1 0.899989 0.799979 0.699972 0.599967 0.499965 0.399967 0.299972 0.199979 0.0999892 
1 0.899989 0.79998 0.699972 0.599967 0.499965 0.399967 0.299972 0.19998 0.0999893 
1 0.899989 0.79998 0.699972 0.599967 0.499966 0.399967 0.299972 0.19998 0.0999894 
1 0.89999 0.79998 0.699973 0.599968 0.499966 0.399968 0.299973 0.19998 0.0999895 
1 0.89999 0.79998 0.699973 0.599968 0.499966 0.399968 0.299973 0.19998 0.0999896 
1 0.89999 0.79998 0.699973 0.599968 0.499967 0.399968 0.299973 0.19998 0.0999897 
1 0.89999 0.799981 0.699973 0.599969 0.499967 0.399969 0.299973 0.199981 0.0999898 
