0.963155 0.0894195 0.00407295 0.000185521 8.48847e-06 1.20906e-06 1.80965e-05 0.000396902 0.00871373 0.0913052 
0.966442 0.161728 0.0148027 0.00101297 6.19091e-05 9.48596e-06 9.84198e-05 0.00143189 0.0155271 0.0916149 
0.969197 0.222332 0.0297449 0.00286692 0.000229175 3.80924e-05 0.000277768 0.00285985 0.0212395 0.0918745 
0.971528 0.273624 0.047278 0.00588402 0.000591874 0.00010701 0.000569722 0.0045291 0.0260758 0.0920944 
0.97352 0.317447 0.0662734 0.0100582 0.0012247 0.000240373 0.000975718 0.00633429 0.0302093 0.0922822 
0.975238 0.355228 0.0859527 0.0153039 0.00218686 0.000463869 0.00149112 0.00820307 0.0337742 0.0924443 
0.976731 0.388082 0.105784 0.0214961 0.00351954 0.000802549 0.00210892 0.0100866 0.0368752 0.0925852 
0.97804 0.416884 0.125413 0.0284951 0.00524657 0.00127922 0.00282189 0.0119527 0.0395949 0.0927089 
0.979197 0.442326 0.144604 0.0361615 0.00737671 0.0019134 0.00362366 0.0137812 0.0419986 0.0928181 
0.980225 0.464959 0.163213 0.0443639 0.00990638 0.00272078 0.00450918 0.0155606 0.0441386 0.0929154 
0.981147 0.485228 0.181153 0.0529839 0.0128226 0.00371304 0.00547476 0.017285 0.0460572 0.0930026 
0.981977 0.503489 0.198381 0.0619169 0.0161054 0.00489797 0.00651794 0.0189531 0.0477887 0.0930813 
0.982729 0.520035 0.21488 0.0710728 0.0197302 0.00627974 0.00763728 0.0205664 0.0493614 0.0931528 
0.983414 0.535105 0.230656 0.0803748 0.0236695 0.00785929 0.00883205 0.0221284 0.0507987 0.0932181 
0.984041 0.548896 0.245725 0.0897587 0.0278945 0.00963479 0.010102 0.0236438 0.0521202 0.0932782 
0.984617 0.561574 0.260111 0.099171 0.0323758 0.0116021 0.011447 0.0251182 0.0533426 0.0933338 
0.985149 0.573275 0.273845 0.108568 0.0370846 0.0137551 0.0128672 0.0265575 0.0544801 0.0933855 
0.985642 0.584116 0.286958 0.117914 0.041993 0.0160863 0.0143626 0.0279677 0.0555448 0.0934339 
0.9861 0.594194 0.299484 0.12718 0.0470746 0.0185871 0.0159328 0.0293548 0.0565474 0.0934794 
0.986527 0.603594 0.311456 0.136344 0.0523046 0.0212481 0.0175775 0.0307246 0.057497 0.0935226 
0.986927 0.612386 0.322905 0.145387 0.05766 0.0240593 0.0192959 0.0320825 0.0584018 0.0935637 
0.987302 0.620634 0.333863 0.154296 0.0631197 0.0270104 0.0210869 0.0334336 0.0592689 0.0936031 
0.987654 0.628391 0.34436 0.163061 0.0686642 0.0300912 0.0229492 0.0347825 0.0601046 0.0936411 
0.987986 0.635702 0.354423 0.171673 0.074276 0.0332915 0.0248811 0.0361334 0.0609144 0.0936779 
0.9883 0.642611 0.364079 0.180129 0.0799392 0.0366011 0.0268807 0.03749 0.0617034 0.0937138 
0.988598 0.649151 0.373351 0.188424 0.0856396 0.0400102 0.0289459 0.0388557 0.0624759 0.0937489 
0.98888 0.655355 0.382264 0.196557 0.0913643 0.0435095 0.0310743 0.0402334 0.0632358 0.0937834 
0.989148 0.661251 0.390838 0.204527 0.0971018 0.0470897 0.0332635 0.0416255 0.0639866 0.0938176 
0.989403 0.666864 0.399094 0.212335 0.102842 0.0507424 0.0355106 0.0430341 0.0647312 0.0938514 
0.989646 0.672215 0.407049 0.219981 0.108576 0.0544594 0.0378131 0.044461 0.0654724 0.0938851 
0.989878 0.677326 0.414722 0.227468 0.114296 0.0582328 0.040168 0.0459075 0.0662125 0.0939188 
0.990101 0.682213 0.422127 0.234799 0.119995 0.0620555 0.0425725 0.0473746 0.0669536 0.0939524 
0.990313 0.686894 0.429281 0.241975 0.125666 0.0659208 0.0450236 0.0488632 0.0676973 0.0939862 
0.990517 0.691382 0.436195 0.249 0.131305 0.0698221 0.0475184 0.0503737 0.0684452 0.0940202 
0.990713 0.69569 0.442885 0.255877 0.136906 0.0737537 0.0500539 0.0519065 0.0691986 0.0940545 
0.990901 0.699831 0.449361 0.262609 0.142467 0.0777101 0.0526274 0.0534616 0.0699585 0.094089 
0.991083 0.703815 0.455634 0.2692 0.147982 0.081686 0.0552359 0.0550389 0.0707257 0.0941239 
0.991257 0.707653 0.461715 0.275654 0.15345 0.0856769 0.0578767 0.0566382 0.0715011 0.0941591 
0.991425 0.711353 0.467614 0.281973 0.158867 0.0896784 0.0605469 0.058259 0.072285 0.0941948 
0.991587 0.714923 0.473339 0.288162 0.164232 0.0936865 0.0632441 0.0599007 0.073078 0.0942308 
0.991744 0.718372 0.478899 0.294224 0.169543 0.0976973 0.0659655 0.0615627 0.0738802 0.0942673 
0.991896 0.721707 0.484303 0.300163 0.174799 0.101708 0.0687087 0.0632443 0.0746919 0.0943042 
0.992042 0.724933 0.489556 0.305981 0.179997 0.105714 0.0714712 0.0649447 0.0755132 0.0943415 
0.992184 0.728056 0.494666 0.311683 0.185138 0.109714 0.0742508 0.0666629 0.0763439 0.0943793 
0.992322 0.731083 0.49964 0.317271 0.190221 0.113705 0.0770452 0.068398 0.077184 0.0944175 
0.992455 0.734018 0.504484 0.322748 0.195245 0.117684 0.0798523 0.070149 0.0780333 0.0944561 
0.992585 0.736866 0.509203 0.328119 0.20021 0.12165 0.08267 0.071915 0.0788915 0.0944951 
0.992711 0.739631 0.513802 0.333385 0.205115 0.125599 0.0854963 0.0736948 0.0797585 0.0945345 
0.992833 0.742318 0.518287 0.33855 0.20996 0.129531 0.0883294 0.0754875 0.0806338 0.0945743 
0.992951 0.74493 0.522663 0.343616 0.214747 0.133444 0.0911674 0.0772919 0.0815171 0.0946144 
0.993067 0.747471 0.526934 0.348587 0.219474 0.137336 0.0940088 0.0791071 0.082408 0.0946549 
0.993179 0.749943 0.531103 0.353464 0.224142 0.141206 0.0968517 0.0809319 0.0833061 0.0946957 
0.993289 0.752351 0.535176 0.358251 0.228751 0.145052 0.0996948 0.0827654 0.0842109 0.0947369 
0.993395 0.754697 0.539155 0.36295 0.233302 0.148873 0.102537 0.0846064 0.085122 0.0947783 
0.993499 0.756984 0.543045 0.367564 0.237795 0.15267 0.105376 0.086454 0.0860388 0.0948199 
0.993601 0.759214 0.546848 0.372094 0.242231 0.156439 0.10821 0.0883072 0.086961 0.0948619 
0.9937 0.761389 0.550569 0.376543 0.24661 0.160182 0.11104 0.0901649 0.087888 0.094904 
0.993796 0.763513 0.554209 0.380913 0.250932 0.163896 0.113863 0.0920263 0.0888193 0.0949463 
0.99389 0.765586 0.557772 0.385207 0.255199 0.167582 0.116679 0.0938905 0.0897545 0.0949888 
0.993982 0.767612 0.56126 0.389426 0.259411 0.171239 0.119486 0.0957564 0.0906931 0.0950315 
0.994072 0.769591 0.564676 0.393572 0.263568 0.174866 0.122283 0.0976232 0.0916346 0.0950743 
0.99416 0.771526 0.568023 0.397647 0.267671 0.178462 0.12507 0.0994902 0.0925786 0.0951172 
0.994246 0.773418 0.571303 0.401653 0.271722 0.182029 0.127845 0.101356 0.0935245 0.0951602 
0.99433 0.775269 0.574517 0.405591 0.275719 0.185564 0.130608 0.103221 0.0944719 0.0952033 
0.994413 0.777081 0.577669 0.409464 0.279665 0.189069 0.133359 0.105084 0.0954204 0.0952464 
0.994493 0.778854 0.58076 0.413273 0.28356 0.192541 0.136095 0.106943 0.0963695 0.0952895 
0.994572 0.78059 0.583791 0.41702 0.287405 0.195983 0.138817 0.108799 0.0973189 0.0953327 
0.99465 0.782291 0.586766 0.420705 0.291199 0.199393 0.141524 0.11065 0.0982681 0.0953758 
0.994725 0.783958 0.589685 0.424331 0.294945 0.20277 0.144216 0.112497 0.0992167 0.0954189 
0.9948 0.785591 0.592551 0.4279 0.298642 0.206116 0.146891 0.114338 0.100164 0.095462 
0.994872 0.787192 0.595364 0.431411 0.302292 0.209431 0.14955 0.116173 0.101111 0.095505 
0.994944 0.788762 0.598126 0.434867 0.305894 0.212713 0.152192 0.118001 0.102055 0.095548 
0.995014 0.790302 0.60084 0.438269 0.30945 0.215963 0.154816 0.119822 0.102998 0.0955908 
0.995082 0.791812 0.603505 0.441618 0.312961 0.219181 0.157422 0.121635 0.103939 0.0956336 
0.99515 0.793295 0.606124 0.444915 0.316426 0.222367 0.16001 0.12344 0.104876 0.0956762 
0.995216 0.79475 0.608698 0.448162 0.319847 0.225521 0.162579 0.125236 0.105811 0.0957187 
0.995281 0.796178 0.611228 0.45136 0.323224 0.228644 0.165129 0.127023 0.106743 0.095761 
0.995345 0.797581 0.613715 0.454509 0.326558 0.231734 0.167661 0.128801 0.107671 0.0958032 
0.995407 0.798958 0.616161 0.457612 0.32985 0.234794 0.170172 0.130569 0.108595 0.0958452 
0.995469 0.800311 0.618565 0.460667 0.3331 0.237821 0.172664 0.132327 0.109515 0.0958871 
0.995529 0.801641 0.620931 0.463678 0.336308 0.240818 0.175136 0.134074 0.110431 0.0959287 
0.995589 0.802947 0.623257 0.466644 0.339476 0.243783 0.177588 0.13581 0.111343 0.0959701 
0.995647 0.804231 0.625546 0.469567 0.342604 0.246718 0.18002 0.137536 0.11225 0.0960114 
0.995704 0.805494 0.627799 0.472448 0.345692 0.249621 0.182431 0.13925 0.113152 0.0960524 
0.995761 0.806735 0.630016 0.475287 0.348741 0.252494 0.184821 0.140952 0.11405 0.0960932 
0.995816 0.807955 0.632197 0.478085 0.351752 0.255336 0.187191 0.142643 0.114942 0.0961337 
0.995871 0.809156 0.634345 0.480843 0.354725 0.258148 0.189541 0.144322 0.115828 0.096174 
0.995924 0.810336 0.63646 0.483562 0.35766 0.26093 0.191869 0.145988 0.116709 0.0962141 
0.995977 0.811498 0.638541 0.486243 0.360559 0.263682 0.194177 0.147642 0.117585 0.0962539 
0.996029 0.812641 0.640591 0.488885 0.363422 0.266404 0.196463 0.149283 0.118455 0.0962934 
0.99608 0.813766 0.64261 0.491491 0.366249 0.269097 0.198729 0.150912 0.119318 0.0963327 
0.996131 0.814873 0.644599 0.494061 0.36904 0.271761 0.200974 0.152528 0.120176 0.0963716 
0.99618 0.815963 0.646558 0.496595 0.371797 0.274396 0.203197 0.154131 0.121028 0.0964104 
0.996229 0.817036 0.648488 0.499094 0.37452 0.277002 0.2054 0.155721 0.121873 0.0964488 
0.996277 0.818092 0.650389 0.501559 0.377209 0.279579 0.207582 0.157297 0.122712 0.0964869 
0.996324 0.819132 0.652263 0.503991 0.379864 0.282128 0.209743 0.15886 0.123545 0.0965248 
0.996371 0.820157 0.654109 0.506389 0.382487 0.284649 0.211882 0.16041 0.124371 0.0965623 
0.996417 0.821166 0.655929 0.508755 0.385077 0.287143 0.214002 0.161947 0.125191 0.0965996 
0.996462 0.82216 0.657722 0.511088 0.387636 0.289608 0.2161 0.16347 0.126004 0.0966366 
0.996506 0.823139 0.65949 0.513391 0.390163 0.292047 0.218177 0.16498 0.126811 0.0966732 
0.99655 0.824103 0.661232 0.515663 0.392658 0.294458 0.220234 0.166476 0.12761 0.0967096 
0.996593 0.825054 0.66295 0.517904 0.395124 0.296842 0.22227 0.167958 0.128404 0.0967456 
0.996636 0.825991 0.664644 0.520116 0.397558 0.2992 0.224286 0.169427 0.12919 0.0967814 
0.996678 0.826914 0.666314 0.522299 0.399964 0.301531 0.226281 0.170883 0.129969 0.0968168 
0.996719 0.827824 0.667961 0.524452 0.402339 0.303836 0.228256 0.172324 0.130742 0.0968519 
0.99676 0.828721 0.669585 0.526578 0.404686 0.306116 0.230211 0.173753 0.131508 0.0968867 
0.9968 0.829605 0.671187 0.528676 0.407004 0.30837 0.232146 0.175167 0.132267 0.0969212 
0.99684 0.830476 0.672767 0.530746 0.409294 0.310598 0.23406 0.176568 0.133019 0.0969554 
0.996879 0.831336 0.674325 0.53279 0.411555 0.312801 0.235955 0.177956 0.133764 0.0969893 
0.996917 0.832183 0.675862 0.534807 0.41379 0.31498 0.23783 0.17933 0.134502 0.0970228 
0.996955 0.833018 0.677378 0.536797 0.415997 0.317133 0.239685 0.18069 0.135234 0.0970561 
0.996993 0.833842 0.678874 0.538763 0.418177 0.319263 0.241521 0.182037 0.135958 0.097089 
0.99703 0.834655 0.68035 0.540703 0.420331 0.321368 0.243337 0.183371 0.136676 0.0971216 
0.997066 0.835456 0.681806 0.542618 0.422459 0.323449 0.245134 0.184691 0.137386 0.0971539 
0.997102 0.836247 0.683243 0.544509 0.424561 0.325507 0.246912 0.185999 0.13809 0.0971859 
0.997138 0.837027 0.68466 0.546375 0.426638 0.327541 0.24867 0.187292 0.138787 0.0972176 
0.997173 0.837796 0.686059 0.548218 0.42869 0.329552 0.25041 0.188573 0.139477 0.097249 
0.997207 0.838555 0.68744 0.550038 0.430716 0.33154 0.252131 0.189841 0.140161 0.09728 
0.997241 0.839303 0.688802 0.551835 0.432719 0.333506 0.253834 0.191095 0.140837 0.0973108 
0.997275 0.840042 0.690147 0.553609 0.434697 0.335449 0.255518 0.192337 0.141507 0.0973412 
0.997308 0.840771 0.691474 0.55536 0.436652 0.337369 0.257184 0.193566 0.14217 0.0973714 
0.99734 0.84149 0.692783 0.55709 0.438583 0.339268 0.258832 0.194781 0.142826 0.0974012 
0.997373 0.8422 0.694076 0.558798 0.44049 0.341145 0.260461 0.195985 0.143476 0.0974307 
0.997405 0.8429 0.695352 0.560484 0.442375 0.343001 0.262073 0.197175 0.144119 0.09746 
0.997436 0.843591 0.696612 0.56215 0.444237 0.344835 0.263667 0.198353 0.144755 0.0974889 
0.997467 0.844273 0.697856 0.563794 0.446077 0.346648 0.265244 0.199518 0.145385 0.0975175 
0.997498 0.844947 0.699084 0.565419 0.447895 0.34844 0.266803 0.200672 0.146009 0.0975458 
0.997528 0.845611 0.700296 0.567023 0.449691 0.350211 0.268345 0.201812 0.146625 0.0975739 
0.997558 0.846267 0.701492 0.568607 0.451466 0.351963 0.26987 0.202941 0.147236 0.0976016 
0.997587 0.846914 0.702674 0.570172 0.453219 0.353694 0.271378 0.204057 0.14784 0.0976291 
0.997616 0.847553 0.70384 0.571717 0.454951 0.355405 0.272869 0.205161 0.148437 0.0976562 
0.997645 0.848184 0.704992 0.573243 0.456663 0.357096 0.274343 0.206254 0.149028 0.0976831 
0.997673 0.848807 0.706129 0.574751 0.458354 0.358768 0.275802 0.207334 0.149613 0.0977097 
0.997701 0.849422 0.707252 0.57624 0.460025 0.36042 0.277243 0.208403 0.150192 0.097736 
0.997729 0.850029 0.708361 0.57771 0.461676 0.362053 0.278669 0.20946 0.150764 0.097762 
0.997756 0.850628 0.709456 0.579163 0.463307 0.363668 0.280079 0.210506 0.151331 0.0977878 
0.997783 0.85122 0.710537 0.580598 0.464919 0.365264 0.281472 0.21154 0.151891 0.0978132 
0.997809 0.851804 0.711604 0.582015 0.466512 0.366841 0.28285 0.212562 0.152445 0.0978384 
0.997836 0.852381 0.712659 0.583415 0.468086 0.3684 0.284213 0.213574 0.152993 0.0978633 
0.997861 0.852951 0.7137 0.584798 0.469641 0.369941 0.28556 0.214574 0.153535 0.097888 
0.997887 0.853513 0.714729 0.586164 0.471177 0.371464 0.286892 0.215563 0.154071 0.0979123 
0.997912 0.854069 0.715744 0.587514 0.472696 0.372969 0.288209 0.216542 0.154602 0.0979364 
0.997937 0.854617 0.716748 0.588847 0.474196 0.374457 0.289511 0.217509 0.155126 0.0979603 
0.997962 0.855159 0.717738 0.590164 0.475678 0.375928 0.290798 0.218465 0.155645 0.0979839 
0.997986 0.855694 0.718717 0.591465 0.477143 0.377381 0.29207 0.219411 0.156158 0.0980072 
0.99801 0.856222 0.719683 0.59275 0.47859 0.378818 0.293328 0.220347 0.156666 0.0980303 
0.998034 0.856744 0.720638 0.59402 0.480021 0.380238 0.294572 0.221271 0.157167 0.0980531 
0.998057 0.857259 0.721581 0.595274 0.481434 0.381641 0.295801 0.222186 0.157664 0.0980756 
0.99808 0.857768 0.722512 0.596513 0.48283 0.383029 0.297017 0.22309 0.158154 0.0980979 
0.998103 0.85827 0.723432 0.597737 0.48421 0.384399 0.298218 0.223984 0.158639 0.09812 
0.998126 0.858767 0.724341 0.598947 0.485574 0.385755 0.299406 0.224868 0.159119 0.0981418 
0.998148 0.859257 0.725239 0.600142 0.486921 0.387094 0.300581 0.225742 0.159594 0.0981634 
0.99817 0.859741 0.726125 0.601322 0.488252 0.388417 0.301741 0.226606 0.160063 0.0981847 
0.998192 0.86022 0.727001 0.602488 0.489568 0.389726 0.302889 0.227461 0.160527 0.0982058 
0.998213 0.860692 0.727866 0.603641 0.490868 0.391019 0.304023 0.228305 0.160985 0.0982266 
0.998234 0.861159 0.728721 0.604779 0.492153 0.392297 0.305144 0.22914 0.161439 0.0982472 
0.998255 0.86162 0.729566 0.605904 0.493422 0.39356 0.306253 0.229966 0.161887 0.0982676 
0.998276 0.862075 0.7304 0.607015 0.494677 0.394808 0.307348 0.230782 0.162331 0.0982878 
0.998297 0.862525 0.731224 0.608113 0.495916 0.396042 0.308431 0.231589 0.162769 0.0983077 
0.998317 0.862969 0.732038 0.609198 0.497141 0.397261 0.309502 0.232387 0.163202 0.0983274 
0.998337 0.863408 0.732842 0.61027 0.498352 0.398466 0.31056 0.233175 0.163631 0.0983469 
0.998356 0.863842 0.733637 0.611329 0.499548 0.399657 0.311606 0.233955 0.164055 0.0983661 
0.998376 0.86427 0.734422 0.612375 0.50073 0.400834 0.31264 0.234725 0.164473 0.0983852 
0.998395 0.864693 0.735197 0.613409 0.501898 0.401997 0.313662 0.235487 0.164887 0.098404 
0.998414 0.865111 0.735963 0.614431 0.503052 0.403147 0.314672 0.23624 0.165297 0.0984226 
0.998433 0.865524 0.73672 0.61544 0.504193 0.404283 0.315671 0.236985 0.165701 0.098441 
0.998451 0.865932 0.737468 0.616437 0.50532 0.405407 0.316658 0.237721 0.166101 0.0984592 
0.99847 0.866335 0.738207 0.617423 0.506434 0.406516 0.317633 0.238448 0.166497 0.0984771 
0.998488 0.866734 0.738937 0.618396 0.507534 0.407613 0.318597 0.239168 0.166888 0.0984949 
0.998506 0.867127 0.739658 0.619359 0.508622 0.408697 0.319551 0.239878 0.167274 0.0985125 
0.998523 0.867516 0.740371 0.620309 0.509697 0.409769 0.320493 0.240581 0.167656 0.0985298 
0.998541 0.8679 0.741075 0.621248 0.510759 0.410828 0.321424 0.241276 0.168034 0.098547 
0.998558 0.868279 0.741771 0.622177 0.511809 0.411874 0.322344 0.241962 0.168407 0.098564 
0.998575 0.868654 0.742458 0.623094 0.512846 0.412909 0.323253 0.242641 0.168776 0.0985807 
0.998592 0.869024 0.743137 0.624 0.513871 0.413931 0.324153 0.243312 0.169141 0.0985973 
0.998609 0.86939 0.743808 0.624895 0.514884 0.414941 0.325041 0.243975 0.169502 0.0986137 
0.998625 0.869751 0.744471 0.62578 0.515885 0.415939 0.325919 0.244631 0.169858 0.0986299 
0.998641 0.870109 0.745126 0.626654 0.516874 0.416926 0.326787 0.245278 0.170211 0.0986459 
0.998657 0.870461 0.745773 0.627518 0.517851 0.417901 0.327645 0.245919 0.170559 0.0986618 
0.998673 0.87081 0.746413 0.628372 0.518817 0.418865 0.328493 0.246552 0.170903 0.0986774 
0.998689 0.871155 0.747045 0.629216 0.519772 0.419817 0.329331 0.247177 0.171243 0.0986929 
0.998704 0.871495 0.747669 0.630049 0.520715 0.420759 0.33016 0.247796 0.17158 0.0987082 
0.99872 0.871831 0.748286 0.630873 0.521647 0.421689 0.330979 0.248407 0.171912 0.0987233 
0.998735 0.872164 0.748895 0.631687 0.522569 0.422608 0.331788 0.249011 0.172241 0.0987382 
0.99875 0.872492 0.749498 0.632491 0.523479 0.423517 0.332587 0.249608 0.172566 0.098753 
0.998764 0.872816 0.750093 0.633286 0.524379 0.424415 0.333378 0.250199 0.172887 0.0987676 
0.998779 0.873137 0.750681 0.634071 0.525268 0.425302 0.334159 0.250782 0.173204 0.098782 
0.998793 0.873454 0.751262 0.634847 0.526146 0.426179 0.334931 0.251359 0.173518 0.0987963 
0.998808 0.873767 0.751836 0.635614 0.527015 0.427046 0.335694 0.251928 0.173828 0.0988104 
0.998822 0.874076 0.752404 0.636372 0.527873 0.427903 0.336448 0.252492 0.174135 0.0988243 
0.998836 0.874381 0.752964 0.637121 0.528721 0.428749 0.337194 0.253048 0.174437 0.0988381 
0.998849 0.874683 0.753518 0.637861 0.529558 0.429586 0.33793 0.253599 0.174737 0.0988517 
0.998863 0.874982 0.754066 0.638592 0.530387 0.430413 0.338659 0.254142 0.175033 0.0988651 
0.998876 0.875276 0.754607 0.639314 0.531205 0.43123 0.339378 0.25468 0.175325 0.0988784 
0.998889 0.875568 0.755141 0.640028 0.532014 0.432037 0.340089 0.255211 0.175614 0.0988916 
0.998903 0.875856 0.75567 0.640734 0.532813 0.432836 0.340792 0.255736 0.1759 0.0989046 
0.998915 0.87614 0.756191 0.641431 0.533602 0.433624 0.341487 0.256255 0.176183 0.0989174 
0.998928 0.876421 0.756707 0.64212 0.534383 0.434404 0.342173 0.256768 0.176462 0.0989301 
0.998941 0.876699 0.757217 0.642801 0.535154 0.435174 0.342852 0.257275 0.176738 0.0989426 
0.998953 0.876973 0.757721 0.643474 0.535916 0.435935 0.343523 0.257776 0.17701 0.098955 
0.998966 0.877244 0.758218 0.644139 0.53667 0.436688 0.344185 0.258271 0.17728 0.0989673 
0.998978 0.877512 0.75871 0.644796 0.537414 0.437431 0.34484 0.258761 0.177546 0.0989794 
0.99899 0.877777 0.759196 0.645445 0.53815 0.438166 0.345488 0.259244 0.177809 0.0989913 
0.999002 0.878039 0.759676 0.646087 0.538876 0.438892 0.346127 0.259722 0.178069 0.0990032 
0.999014 0.878297 0.760151 0.646721 0.539595 0.43961 0.34676 0.260195 0.178327 0.0990148 
0.999025 0.878553 0.76062 0.647348 0.540305 0.440319 0.347384 0.260662 0.178581 0.0990264 
0.999037 0.878805 0.761083 0.647967 0.541006 0.44102 0.348002 0.261123 0.178832 0.0990378 
0.999048 0.879054 0.761541 0.648579 0.5417 0.441713 0.348612 0.261579 0.17908 0.0990491 
0.999059 0.879301 0.761993 0.649184 0.542385 0.442398 0.349216 0.26203 0.179326 0.0990603 
0.99907 0.879545 0.76244 0.649781 0.543062 0.443074 0.349812 0.262475 0.179568 0.0990713 
0.999081 0.879785 0.762882 0.650372 0.543731 0.443743 0.350401 0.262916 0.179808 0.0990822 
0.999092 0.880023 0.763319 0.650955 0.544392 0.444403 0.350983 0.263351 0.180045 0.0990929 
0.999103 0.880258 0.76375 0.651532 0.545046 0.445056 0.351559 0.263781 0.180279 0.0991036 
0.999113 0.880491 0.764177 0.652102 0.545692 0.445702 0.352127 0.264206 0.18051 0.0991141 
0.999124 0.88072 0.764598 0.652665 0.54633 0.44634 0.352689 0.264626 0.180739 0.0991245 
0.999134 0.880947 0.765015 0.653221 0.546961 0.44697 0.353245 0.265041 0.180965 0.0991348 
0.999144 0.881171 0.765426 0.653771 0.547584 0.447593 0.353794 0.265451 0.181188 0.0991449 
0.999154 0.881393 0.765833 0.654315 0.5482 0.448208 0.354336 0.265857 0.181409 0.0991549 
0.999164 0.881611 0.766234 0.654852 0.548809 0.448817 0.354872 0.266258 0.181627 0.0991649 
0.999174 0.881828 0.766632 0.655383 0.54941 0.449418 0.355402 0.266654 0.181843 0.0991747 
0.999184 0.882041 0.767024 0.655907 0.550005 0.450012 0.355926 0.267045 0.182056 0.0991843 
0.999193 0.882253 0.767412 0.656426 0.550592 0.450599 0.356443 0.267432 0.182266 0.0991939 
0.999203 0.882461 0.767795 0.656938 0.551173 0.45118 0.356955 0.267814 0.182474 0.0992034 
0.999212 0.882668 0.768174 0.657444 0.551747 0.451753 0.35746 0.268192 0.18268 0.0992127 
0.999221 0.882872 0.768548 0.657944 0.552314 0.45232 0.35796 0.268565 0.182883 0.099222 
0.999231 0.883073 0.768918 0.658439 0.552874 0.45288 0.358453 0.268935 0.183084 0.0992311 
0.99924 0.883272 0.769283 0.658927 0.553428 0.453433 0.358941 0.269299 0.183283 0.0992401 
0.999249 0.883469 0.769644 0.65941 0.553975 0.45398 0.359423 0.26966 0.183479 0.099249 
0.999257 0.883663 0.770001 0.659887 0.554516 0.454521 0.3599 0.270016 0.183673 0.0992579 
0.999266 0.883855 0.770354 0.660359 0.55505 0.455055 0.360371 0.270368 0.183865 0.0992666 
0.999275 0.884045 0.770702 0.660825 0.555579 0.455583 0.360836 0.270716 0.184054 0.0992752 
0.999283 0.884233 0.771047 0.661285 0.556101 0.456105 0.361296 0.27106 0.184241 0.0992837 
0.999292 0.884418 0.771387 0.66174 0.556616 0.456621 0.361751 0.271399 0.184426 0.0992921 
0.9993 0.884601 0.771724 0.66219 0.557126 0.45713 0.3622 0.271735 0.184609 0.0993004 
0.999308 0.884782 0.772056 0.662634 0.55763 0.457634 0.362644 0.272067 0.18479 0.0993086 
0.999316 0.884961 0.772385 0.663073 0.558128 0.458131 0.363083 0.272395 0.184968 0.0993167 
0.999324 0.885138 0.772709 0.663507 0.55862 0.458623 0.363516 0.272719 0.185145 0.0993248 
0.999332 0.885313 0.77303 0.663936 0.559106 0.459109 0.363945 0.27304 0.185319 0.0993327 
0.99934 0.885485 0.773347 0.66436 0.559587 0.45959 0.364368 0.273356 0.185492 0.0993405 
0.999348 0.885656 0.77366 0.664779 0.560061 0.460064 0.364787 0.273669 0.185662 0.0993483 
0.999356 0.885825 0.77397 0.665193 0.560531 0.460534 0.3652 0.273978 0.18583 0.0993559 
0.999363 0.885991 0.774276 0.665602 0.560994 0.460997 0.365609 0.274284 0.185997 0.0993635 
0.999371 0.886156 0.774578 0.666006 0.561453 0.461455 0.366013 0.274586 0.186161 0.099371 
0.999378 0.886319 0.774877 0.666406 0.561906 0.461908 0.366412 0.274884 0.186324 0.0993783 
0.999385 0.88648 0.775172 0.6668 0.562353 0.462356 0.366807 0.275179 0.186484 0.0993856 
0.999393 0.886638 0.775464 0.667191 0.562796 0.462798 0.367196 0.275471 0.186643 0.0993929 
0.9994 0.886796 0.775752 0.667576 0.563233 0.463235 0.367582 0.275759 0.1868 0.0994 
0.999407 0.886951 0.776037 0.667957 0.563665 0.463667 0.367963 0.276044 0.186955 0.099407 
0.999414 0.887104 0.776319 0.668334 0.564092 0.464094 0.368339 0.276325 0.187108 0.099414 
0.999421 0.887256 0.776597 0.668706 0.564514 0.464516 0.368711 0.276603 0.187259 0.0994209 
0.999428 0.887405 0.776872 0.669074 0.564931 0.464932 0.369078 0.276878 0.187409 0.0994277 
0.999434 0.887554 0.777144 0.669437 0.565343 0.465344 0.369442 0.277149 0.187557 0.0994344 
0.999441 0.8877 0.777413 0.669796 0.56575 0.465752 0.3698 0.277418 0.187703 0.099441 
0.999447 0.887844 0.777678 0.670151 0.566152 0.466154 0.370155 0.277683 0.187847 0.0994476 
0.999454 0.887987 0.777941 0.670502 0.56655 0.466552 0.370506 0.277945 0.18799 0.0994541 
0.99946 0.888128 0.7782 0.670849 0.566943 0.466944 0.370852 0.278204 0.188131 0.0994605 
0.999467 0.888268 0.778456 0.671191 0.567331 0.467333 0.371195 0.27846 0.188271 0.0994668 
0.999473 0.888406 0.778709 0.67153 0.567715 0.467717 0.371533 0.278713 0.188408 0.0994731 
0.999479 0.888542 0.77896 0.671864 0.568095 0.468096 0.371867 0.278963 0.188545 0.0994793 
0.999485 0.888677 0.779207 0.672195 0.568469 0.468471 0.372198 0.27921 0.188679 0.0994854 
0.999491 0.88881 0.779451 0.672522 0.56884 0.468841 0.372524 0.279454 0.188812 0.0994915 
0.999497 0.888941 0.779693 0.672844 0.569206 0.469207 0.372847 0.279696 0.188943 0.0994974 
0.999503 0.889071 0.779931 0.673164 0.569568 0.469569 0.373166 0.279934 0.189073 0.0995033 
0.999509 0.8892 0.780167 0.673479 0.569925 0.469926 0.373481 0.28017 0.189202 0.0995092 
0.999515 0.889327 0.7804 0.67379 0.570279 0.47028 0.373793 0.280403 0.189329 0.0995149 
0.999521 0.889452 0.78063 0.674098 0.570628 0.470629 0.374101 0.280633 0.189454 0.0995206 
0.999526 0.889576 0.780858 0.674403 0.570973 0.470974 0.374405 0.280861 0.189578 0.0995263 
0.999532 0.889699 0.781083 0.674704 0.571314 0.471315 0.374706 0.281085 0.1897 0.0995318 
0.999537 0.88982 0.781305 0.675001 0.571651 0.471652 0.375003 0.281308 0.189821 0.0995373 
0.999543 0.889939 0.781525 0.675295 0.571984 0.471985 0.375297 0.281527 0.189941 0.0995428 
0.999548 0.890057 0.781742 0.675585 0.572313 0.472314 0.375587 0.281744 0.190059 0.0995481 
0.999553 0.890174 0.781957 0.675872 0.572639 0.472639 0.375874 0.281959 0.190176 0.0995534 
0.999559 0.89029 0.782169 0.676155 0.57296 0.472961 0.376157 0.282171 0.190291 0.0995587 
0.999564 0.890404 0.782378 0.676435 0.573278 0.473279 0.376437 0.28238 0.190405 0.0995639 
0.999569 0.890517 0.782585 0.676712 0.573592 0.473592 0.376714 0.282587 0.190518 0.099569 
0.999574 0.890628 0.78279 0.676986 0.573902 0.473903 0.376987 0.282792 0.190629 0.0995741 
0.999579 0.890738 0.782992 0.677256 0.574209 0.474209 0.377258 0.282994 0.190739 0.0995791 
0.999584 0.890847 0.783192 0.677524 0.574512 0.474512 0.377525 0.283193 0.190848 0.099584 
0.999589 0.890955 0.783389 0.677788 0.574811 0.474812 0.377789 0.283391 0.190956 0.0995889 
0.999594 0.891061 0.783585 0.678049 0.575107 0.475108 0.37805 0.283586 0.191062 0.0995937 
0.999598 0.891166 0.783778 0.678307 0.5754 0.4754 0.378308 0.283779 0.191167 0.0995985 
0.999603 0.89127 0.783968 0.678561 0.575689 0.475689 0.378563 0.283969 0.191271 0.0996032 
0.999608 0.891372 0.784157 0.678813 0.575974 0.475975 0.378814 0.284158 0.191373 0.0996079 
0.999612 0.891474 0.784343 0.679062 0.576257 0.476257 0.379063 0.284344 0.191474 0.0996125 
0.999617 0.891574 0.784527 0.679308 0.576536 0.476536 0.379309 0.284528 0.191575 0.099617 
0.999621 0.891673 0.784708 0.679551 0.576811 0.476812 0.379552 0.28471 0.191674 0.0996215 
0.999626 0.891771 0.784888 0.679792 0.577084 0.477084 0.379793 0.284889 0.191771 0.099626 
0.99963 0.891867 0.785066 0.680029 0.577353 0.477353 0.38003 0.285067 0.191868 0.0996304 
0.999635 0.891963 0.785241 0.680264 0.577619 0.477619 0.380265 0.285242 0.191964 0.0996347 
0.999639 0.892057 0.785415 0.680496 0.577882 0.477882 0.380496 0.285415 0.192058 0.099639 
0.999643 0.892151 0.785586 0.680725 0.578142 0.478142 0.380726 0.285587 0.192151 0.0996432 
0.999647 0.892243 0.785755 0.680951 0.578399 0.478399 0.380952 0.285756 0.192243 0.0996474 
0.999652 0.892334 0.785923 0.681175 0.578652 0.478653 0.381176 0.285923 0.192335 0.0996516 
0.999656 0.892424 0.786088 0.681396 0.578903 0.478904 0.381397 0.286089 0.192425 0.0996557 
0.99966 0.892513 0.786252 0.681615 0.579151 0.479151 0.381616 0.286252 0.192514 0.0996597 
0.999664 0.892601 0.786413 0.681831 0.579396 0.479396 0.381831 0.286414 0.192602 0.0996637 
0.999668 0.892688 0.786573 0.682044 0.579638 0.479638 0.382045 0.286573 0.192689 0.0996677 
0.999672 0.892774 0.786731 0.682255 0.579877 0.479878 0.382256 0.286731 0.192774 0.0996716 
0.999675 0.892859 0.786886 0.682464 0.580114 0.480114 0.382464 0.286887 0.192859 0.0996754 
0.999679 0.892943 0.787041 0.68267 0.580347 0.480348 0.38267 0.287041 0.192943 0.0996792 
0.999683 0.893026 0.787193 0.682873 0.580578 0.480579 0.382874 0.287193 0.193026 0.099683 
0.999687 0.893108 0.787343 0.683075 0.580807 0.480807 0.383075 0.287344 0.193108 0.0996867 
0.99969 0.893189 0.787492 0.683274 0.581032 0.481032 0.383274 0.287492 0.193189 0.0996904 
0.999694 0.893269 0.787639 0.68347 0.581255 0.481255 0.383471 0.287639 0.193269 0.099694 
0.999698 0.893348 0.787784 0.683664 0.581475 0.481475 0.383665 0.287785 0.193348 0.0996976 
0.999701 0.893426 0.787928 0.683856 0.581693 0.481693 0.383857 0.287928 0.193426 0.0997012 
0.999705 0.893503 0.78807 0.684046 0.581908 0.481908 0.384046 0.28807 0.193503 0.0997047 
0.999708 0.89358 0.78821 0.684233 0.58212 0.482121 0.384234 0.28821 0.19358 0.0997082 
0.999712 0.893655 0.788348 0.684419 0.58233 0.482331 0.384419 0.288349 0.193655 0.0997116 
0.999715 0.89373 0.788485 0.684602 0.582538 0.482538 0.384602 0.288485 0.19373 0.099715 
0.999718 0.893803 0.78862 0.684783 0.582743 0.482743 0.384783 0.288621 0.193803 0.0997183 
0.999722 0.893876 0.788754 0.684961 0.582946 0.482946 0.384962 0.288754 0.193876 0.0997216 
0.999725 0.893948 0.788886 0.685138 0.583146 0.483146 0.385138 0.288887 0.193948 0.0997249 
0.999728 0.894019 0.789017 0.685313 0.583344 0.483344 0.385313 0.289017 0.194019 0.0997281 
0.999731 0.894089 0.789146 0.685485 0.58354 0.48354 0.385486 0.289146 0.19409 0.0997313 
0.999734 0.894159 0.789273 0.685656 0.583733 0.483734 0.385656 0.289274 0.194159 0.0997345 
0.999738 0.894227 0.789399 0.685824 0.583925 0.483925 0.385825 0.2894 0.194228 0.0997376 
0.999741 0.894295 0.789524 0.685991 0.584113 0.484114 0.385991 0.289524 0.194295 0.0997407 
0.999744 0.894362 0.789647 0.686155 0.5843 0.4843 0.386156 0.289647 0.194362 0.0997437 
0.999747 0.894428 0.789769 0.686318 0.584485 0.484485 0.386318 0.289769 0.194429 0.0997468 
0.99975 0.894494 0.789889 0.686479 0.584667 0.484667 0.386479 0.289889 0.194494 0.0997497 
0.999753 0.894559 0.790008 0.686638 0.584847 0.484847 0.386638 0.290008 0.194559 0.0997527 
0.999756 0.894623 0.790125 0.686795 0.585025 0.485025 0.386795 0.290125 0.194623 0.0997556 
0.999758 0.894686 0.790241 0.68695 0.585201 0.485201 0.38695 0.290241 0.194686 0.0997584 
0.999761 0.894748 0.790356 0.687103 0.585375 0.485375 0.387103 0.290356 0.194748 0.0997613 
0.999764 0.89481 0.790469 0.687255 0.585547 0.485547 0.387255 0.290469 0.19481 0.0997641 
0.999767 0.894871 0.790581 0.687404 0.585716 0.485717 0.387405 0.290581 0.194871 0.0997669 
0.99977 0.894931 0.790692 0.687552 0.585884 0.485884 0.387553 0.290692 0.194931 0.0997696 
0.999772 0.894991 0.790801 0.687699 0.58605 0.48605 0.387699 0.290801 0.194991 0.0997723 
0.999775 0.89505 0.790909 0.687843 0.586214 0.486214 0.387843 0.290909 0.19505 0.099775 
0.999778 0.895108 0.791016 0.687986 0.586376 0.486376 0.387986 0.291016 0.195108 0.0997776 
0.99978 0.895165 0.791122 0.688127 0.586536 0.486536 0.388127 0.291122 0.195165 0.0997802 
0.999783 0.895222 0.791226 0.688267 0.586694 0.486694 0.388267 0.291226 0.195222 0.0997828 
0.999785 0.895278 0.791329 0.688405 0.586851 0.486851 0.388405 0.291329 0.195278 0.0997854 
0.999788 0.895334 0.791431 0.688541 0.587005 0.487005 0.388541 0.291431 0.195334 0.0997879 
0.99979 0.895388 0.791532 0.688675 0.587158 0.487158 0.388676 0.291532 0.195389 0.0997904 
0.999793 0.895443 0.791631 0.688808 0.587309 0.487309 0.388809 0.291631 0.195443 0.0997928 
0.999795 0.895496 0.791729 0.68894 0.587458 0.487458 0.38894 0.291729 0.195496 0.0997953 
0.999798 0.895549 0.791827 0.68907 0.587605 0.487605 0.38907 0.291827 0.195549 0.0997977 
0.9998 0.895601 0.791923 0.689198 0.587751 0.487751 0.389198 0.291923 0.195601 0.0998001 
0.999802 0.895653 0.792017 0.689325 0.587895 0.487895 0.389325 0.292018 0.195653 0.0998024 
0.999805 0.895704 0.792111 0.689451 0.588037 0.488037 0.389451 0.292111 0.195704 0.0998047 
0.999807 0.895755 0.792204 0.689575 0.588177 0.488177 0.389575 0.292204 0.195755 0.099807 
0.999809 0.895804 0.792296 0.689697 0.588316 0.488316 0.389697 0.292296 0.195805 0.0998093 
0.999812 0.895854 0.792386 0.689818 0.588454 0.488454 0.389818 0.292386 0.195854 0.0998115 
0.999814 0.895902 0.792475 0.689938 0.588589 0.488589 0.389938 0.292476 0.195903 0.0998138 
0.999816 0.895951 0.792564 0.690056 0.588723 0.488723 0.390056 0.292564 0.195951 0.0998159 
0.999818 0.895998 0.792651 0.690173 0.588856 0.488856 0.390173 0.292651 0.195998 0.0998181 
0.99982 0.896045 0.792738 0.690288 0.588987 0.488987 0.390288 0.292738 0.196045 0.0998202 
0.999822 0.896092 0.792823 0.690402 0.589116 0.489116 0.390402 0.292823 0.196092 0.0998224 
0.999824 0.896138 0.792907 0.690515 0.589244 0.489244 0.390515 0.292907 0.196138 0.0998244 
0.999826 0.896183 0.792991 0.690627 0.58937 0.48937 0.390627 0.292991 0.196183 0.0998265 
0.999829 0.896228 0.793073 0.690737 0.589495 0.489495 0.390737 0.293073 0.196228 0.0998285 
0.999831 0.896272 0.793154 0.690846 0.589619 0.489619 0.390846 0.293154 0.196272 0.0998306 
0.999833 0.896316 0.793235 0.690953 0.589741 0.489741 0.390953 0.293235 0.196316 0.0998325 
0.999835 0.896359 0.793314 0.691059 0.589861 0.489861 0.391059 0.293314 0.196359 0.0998345 
0.999836 0.896402 0.793393 0.691164 0.58998 0.48998 0.391164 0.293393 0.196402 0.0998365 
0.999838 0.896444 0.79347 0.691268 0.590098 0.490098 0.391268 0.29347 0.196444 0.0998384 
0.99984 0.896486 0.793547 0.691371 0.590214 0.490214 0.391371 0.293547 0.196486 0.0998403 
0.999842 0.896527 0.793623 0.691472 0.590329 0.490329 0.391472 0.293623 0.196527 0.0998422 
0.999844 0.896568 0.793698 0.691572 0.590443 0.490443 0.391572 0.293698 0.196568 0.099844 
0.999846 0.896608 0.793772 0.691671 0.590555 0.490555 0.391671 0.293772 0.196608 0.0998458 
0.999848 0.896648 0.793845 0.691769 0.590666 0.490666 0.391769 0.293845 0.196648 0.0998477 
0.999849 0.896688 0.793917 0.691866 0.590776 0.490776 0.391866 0.293917 0.196688 0.0998494 
0.999851 0.896727 0.793989 0.691962 0.590884 0.490884 0.391962 0.293989 0.196727 0.0998512 
0.999853 0.896765 0.794059 0.692056 0.590991 0.490991 0.392056 0.29406 0.196765 0.099853 
0.999855 0.896803 0.794129 0.692149 0.591097 0.491097 0.392149 0.294129 0.196803 0.0998547 
0.999856 0.896841 0.794198 0.692242 0.591202 0.491202 0.392242 0.294198 0.196841 0.0998564 
0.999858 0.896878 0.794266 0.692333 0.591305 0.491305 0.392333 0.294266 0.196878 0.0998581 
0.99986 0.896914 0.794334 0.692423 0.591407 0.491407 0.392423 0.294334 0.196914 0.0998597 
0.999861 0.896951 0.7944 0.692512 0.591508 0.491508 0.392512 0.2944 0.196951 0.0998614 
0.999863 0.896987 0.794466 0.6926 0.591608 0.491608 0.3926 0.294466 0.196987 0.099863 
0.999865 0.897022 0.794531 0.692687 0.591707 0.491707 0.392687 0.294531 0.197022 0.0998646 
0.999866 0.897057 0.794595 0.692773 0.591804 0.491804 0.392773 0.294595 0.197057 0.0998662 
0.999868 0.897091 0.794659 0.692858 0.5919 0.4919 0.392858 0.294659 0.197091 0.0998678 
0.999869 0.897126 0.794722 0.692941 0.591995 0.491995 0.392941 0.294722 0.197126 0.0998693 
0.999871 0.897159 0.794784 0.693024 0.59209 0.49209 0.393024 0.294784 0.197159 0.0998709 
0.999872 0.897193 0.794845 0.693106 0.592182 0.492182 0.393106 0.294845 0.197193 0.0998724 
0.999874 0.897226 0.794906 0.693187 0.592274 0.492274 0.393187 0.294906 0.197226 0.0998739 
0.999875 0.897258 0.794965 0.693267 0.592365 0.492365 0.393267 0.294965 0.197258 0.0998754 
0.999877 0.897291 0.795025 0.693346 0.592455 0.492455 0.393347 0.295025 0.197291 0.0998768 
0.999878 0.897322 0.795083 0.693425 0.592543 0.492543 0.393425 0.295083 0.197322 0.0998783 
0.99988 0.897354 0.795141 0.693502 0.592631 0.492631 0.393502 0.295141 0.197354 0.0998797 
0.999881 0.897385 0.795198 0.693578 0.592718 0.492718 0.393578 0.295198 0.197385 0.0998811 
0.999883 0.897416 0.795254 0.693654 0.592803 0.492803 0.393654 0.295254 0.197416 0.0998825 
0.999884 0.897446 0.79531 0.693728 0.592888 0.492888 0.393728 0.29531 0.197446 0.0998839 
0.999885 0.897476 0.795365 0.693802 0.592971 0.492971 0.393802 0.295365 0.197476 0.0998853 
0.999887 0.897506 0.79542 0.693875 0.593054 0.493054 0.393875 0.29542 0.197506 0.0998866 
0.999888 0.897535 0.795473 0.693947 0.593135 0.493135 0.393947 0.295473 0.197535 0.099888 
0.999889 0.897564 0.795527 0.694018 0.593216 0.493216 0.394018 0.295527 0.197564 0.0998893 
0.999891 0.897593 0.795579 0.694088 0.593296 0.493296 0.394088 0.295579 0.197593 0.0998906 
0.999892 0.897621 0.795631 0.694158 0.593375 0.493375 0.394158 0.295631 0.197621 0.0998919 
0.999893 0.897649 0.795682 0.694226 0.593452 0.493452 0.394226 0.295682 0.197649 0.0998931 
0.999894 0.897676 0.795733 0.694294 0.593529 0.493529 0.394294 0.295733 0.197676 0.0998944 
0.999896 0.897704 0.795783 0.694361 0.593605 0.493605 0.394361 0.295783 0.197704 0.0998956 
0.999897 0.897731 0.795833 0.694427 0.593681 0.493681 0.394427 0.295833 0.197731 0.0998969 
0.999898 0.897757 0.795882 0.694493 0.593755 0.493755 0.394493 0.295882 0.197757 0.0998981 
0.999899 0.897784 0.79593 0.694558 0.593828 0.493828 0.394558 0.29593 0.197784 0.0998993 
0.9999 0.89781 0.795978 0.694621 0.593901 0.493901 0.394621 0.295978 0.19781 0.0999004 
0.999902 0.897836 0.796025 0.694685 0.593972 0.493972 0.394685 0.296025 0.197836 0.0999016 
0.999903 0.897861 0.796072 0.694747 0.594043 0.494043 0.394747 0.296072 0.197861 0.0999028 
0.999904 0.897886 0.796118 0.694809 0.594113 0.494113 0.394809 0.296118 0.197886 0.0999039 
0.999905 0.897911 0.796164 0.69487 0.594182 0.494182 0.39487 0.296164 0.197911 0.099905 
0.999906 0.897935 0.796209 0.69493 0.594251 0.494251 0.39493 0.296209 0.197935 0.0999062 
0.999907 0.89796 0.796253 0.69499 0.594318 0.494318 0.39499 0.296253 0.19796 0.0999073 
0.999908 0.897984 0.796297 0.695049 0.594385 0.494385 0.395049 0.296297 0.197984 0.0999083 
0.999909 0.898007 0.796341 0.695107 0.594451 0.494451 0.395107 0.296341 0.198007 0.0999094 
0.99991 0.898031 0.796384 0.695164 0.594516 0.494516 0.395164 0.296384 0.198031 0.0999105 
0.999912 0.898054 0.796426 0.695221 0.594581 0.494581 0.395221 0.296426 0.198054 0.0999115 
0.999913 0.898077 0.796468 0.695277 0.594644 0.494644 0.395277 0.296468 0.198077 0.0999126 
0.999914 0.898099 0.79651 0.695333 0.594707 0.494707 0.395333 0.29651 0.198099 0.0999136 
0.999915 0.898122 0.796551 0.695387 0.594769 0.494769 0.395387 0.296551 0.198122 0.0999146 
0.999916 0.898144 0.796591 0.695442 0.594831 0.494831 0.395442 0.296591 0.198144 0.0999156 
0.999917 0.898166 0.796631 0.695495 0.594891 0.494891 0.395495 0.296631 0.198166 0.0999166 
0.999918 0.898187 0.796671 0.695548 0.594952 0.494952 0.395548 0.296671 0.198187 0.0999176 
0.999919 0.898208 0.79671 0.6956 0.595011 0.495011 0.3956 0.29671 0.198208 0.0999186 
0.99992 0.898229 0.796749 0.695652 0.595069 0.495069 0.395652 0.296749 0.198229 0.0999195 
0.99992 0.89825 0.796787 0.695703 0.595127 0.495127 0.395703 0.296787 0.19825 0.0999205 
0.999921 0.898271 0.796825 0.695754 0.595185 0.495185 0.395754 0.296825 0.198271 0.0999214 
0.999922 0.898291 0.796862 0.695804 0.595241 0.495241 0.395804 0.296862 0.198291 0.0999223 
0.999923 0.898311 0.796899 0.695853 0.595297 0.495297 0.395853 0.296899 0.198311 0.0999232 
0.999924 0.898331 0.796935 0.695902 0.595352 0.495352 0.395902 0.296935 0.198331 0.0999241 
0.999925 0.898351 0.796971 0.69595 0.595407 0.495407 0.39595 0.296971 0.198351 0.099925 
0.999926 0.89837 0.797007 0.695997 0.595461 0.495461 0.395997 0.297007 0.19837 0.0999259 
0.999927 0.898389 0.797042 0.696044 0.595514 0.495514 0.396044 0.297042 0.198389 0.0999268 
0.999928 0.898408 0.797077 0.696091 0.595567 0.495567 0.396091 0.297077 0.198408 0.0999276 
0.999928 0.898427 0.797111 0.696137 0.595619 0.495619 0.396137 0.297111 0.198427 0.0999285 
0.999929 0.898445 0.797145 0.696182 0.595671 0.495671 0.396182 0.297145 0.198445 0.0999293 
0.99993 0.898464 0.797179 0.696227 0.595721 0.495721 0.396227 0.297179 0.198464 0.0999302 
0.999931 0.898482 0.797212 0.696271 0.595772 0.495772 0.396271 0.297212 0.198482 0.099931 
0.999932 0.898499 0.797244 0.696315 0.595821 0.495821 0.396315 0.297245 0.198499 0.0999318 
0.999933 0.898517 0.797277 0.696358 0.59587 0.49587 0.396358 0.297277 0.198517 0.0999326 
0.999933 0.898535 0.797309 0.696401 0.595919 0.495919 0.396401 0.297309 0.198535 0.0999334 
0.999934 0.898552 0.79734 0.696444 0.595967 0.495967 0.396444 0.29734 0.198552 0.0999342 
0.999935 0.898569 0.797372 0.696485 0.596014 0.496014 0.396485 0.297372 0.198569 0.0999349 
0.999936 0.898586 0.797403 0.696527 0.596061 0.496061 0.396527 0.297403 0.198586 0.0999357 
0.999936 0.898602 0.797433 0.696567 0.596107 0.496107 0.396567 0.297433 0.198602 0.0999365 
0.999937 0.898619 0.797463 0.696608 0.596153 0.496153 0.396608 0.297463 0.198619 0.0999372 
0.999938 0.898635 0.797493 0.696648 0.596198 0.496198 0.396648 0.297493 0.198635 0.0999379 
0.999939 0.898651 0.797523 0.696687 0.596243 0.496243 0.396687 0.297523 0.198651 0.0999387 
0.999939 0.898667 0.797552 0.696726 0.596287 0.496287 0.396726 0.297552 0.198667 0.0999394 
0.99994 0.898682 0.79758 0.696764 0.596331 0.496331 0.396764 0.29758 0.198682 0.0999401 
0.999941 0.898698 0.797609 0.696802 0.596374 0.496374 0.396802 0.297609 0.198698 0.0999408 
0.999942 0.898713 0.797637 0.69684 0.596416 0.496416 0.39684 0.297637 0.198713 0.0999415 
0.999942 0.898728 0.797665 0.696877 0.596459 0.496459 0.396877 0.297665 0.198728 0.0999422 
0.999943 0.898743 0.797692 0.696914 0.5965 0.4965 0.396914 0.297692 0.198743 0.0999429 
0.999944 0.898758 0.797719 0.69695 0.596541 0.496541 0.39695 0.297719 0.198758 0.0999435 
0.999944 0.898773 0.797746 0.696986 0.596582 0.496582 0.396986 0.297746 0.198773 0.0999442 
0.999945 0.898787 0.797773 0.697021 0.596622 0.496622 0.397021 0.297773 0.198787 0.0999449 
0.999946 0.898801 0.797799 0.697056 0.596662 0.496662 0.397056 0.297799 0.198801 0.0999455 
0.999946 0.898815 0.797825 0.697091 0.596701 0.496701 0.397091 0.297825 0.198815 0.0999462 
0.999947 0.898829 0.79785 0.697125 0.59674 0.49674 0.397125 0.29785 0.198829 0.0999468 
0.999947 0.898843 0.797875 0.697159 0.596778 0.496778 0.397159 0.297875 0.198843 0.0999474 
0.999948 0.898857 0.7979 0.697192 0.596816 0.496816 0.397192 0.2979 0.198857 0.099948 
0.999949 0.89887 0.797925 0.697225 0.596853 0.496853 0.397225 0.297925 0.19887 0.0999486 
0.999949 0.898883 0.797949 0.697258 0.59689 0.49689 0.397258 0.297949 0.198883 0.0999492 
0.99995 0.898896 0.797973 0.69729 0.596927 0.496927 0.39729 0.297973 0.198896 0.0999498 
0.99995 0.898909 0.797997 0.697322 0.596963 0.496963 0.397322 0.297997 0.198909 0.0999504 
0.999951 0.898922 0.798021 0.697353 0.596999 0.496999 0.397353 0.298021 0.198922 0.099951 
0.999952 0.898935 0.798044 0.697384 0.597034 0.497034 0.397384 0.298044 0.198935 0.0999516 
0.999952 0.898947 0.798067 0.697415 0.597069 0.497069 0.397415 0.298067 0.198947 0.0999522 
0.999953 0.89896 0.79809 0.697446 0.597103 0.497103 0.397446 0.29809 0.19896 0.0999527 
0.999953 0.898972 0.798112 0.697476 0.597137 0.497137 0.397476 0.298112 0.198972 0.0999533 
0.999954 0.898984 0.798134 0.697505 0.597171 0.497171 0.397505 0.298134 0.198984 0.0999538 
0.999954 0.898996 0.798156 0.697534 0.597204 0.497204 0.397534 0.298156 0.198996 0.0999544 
0.999955 0.899008 0.798178 0.697563 0.597237 0.497237 0.397563 0.298178 0.199008 0.0999549 
0.999955 0.899019 0.798199 0.697592 0.597269 0.497269 0.397592 0.298199 0.199019 0.0999554 
0.999956 0.899031 0.798221 0.69762 0.597301 0.497301 0.39762 0.298221 0.199031 0.099956 
0.999956 0.899042 0.798241 0.697648 0.597333 0.497333 0.397648 0.298241 0.199042 0.0999565 
0.999957 0.899054 0.798262 0.697676 0.597364 0.497364 0.397676 0.298262 0.199054 0.099957 
0.999957 0.899065 0.798283 0.697703 0.597395 0.497395 0.397703 0.298283 0.199065 0.0999575 
0.999958 0.899076 0.798303 0.69773 0.597426 0.497426 0.39773 0.298303 0.199076 0.099958 
0.999958 0.899087 0.798323 0.697757 0.597456 0.497456 0.397757 0.298323 0.199087 0.0999585 
0.999959 0.899097 0.798342 0.697783 0.597486 0.497486 0.397783 0.298342 0.199097 0.099959 
0.999959 0.899108 0.798362 0.697809 0.597516 0.497516 0.397809 0.298362 0.199108 0.0999595 
0.99996 0.899118 0.798381 0.697835 0.597545 0.497545 0.397835 0.298381 0.199118 0.0999599 
0.99996 0.899129 0.7984 0.69786 0.597574 0.497574 0.39786 0.2984 0.199129 0.0999604 
0.999961 0.899139 0.798419 0.697886 0.597602 0.497602 0.397886 0.298419 0.199139 0.0999609 
0.999961 0.899149 0.798437 0.69791 0.59763 0.49763 0.39791 0.298437 0.199149 0.0999613 
0.999962 0.899159 0.798456 0.697935 0.597658 0.497658 0.397935 0.298456 0.199159 0.0999618 
0.999962 0.899169 0.798474 0.697959 0.597686 0.497686 0.397959 0.298474 0.199169 0.0999622 
0.999963 0.899179 0.798492 0.697983 0.597713 0.497713 0.397983 0.298492 0.199179 0.0999627 
0.999963 0.899188 0.79851 0.698007 0.59774 0.49774 0.398007 0.29851 0.199188 0.0999631 
0.999964 0.899198 0.798527 0.69803 0.597766 0.497766 0.39803 0.298527 0.199198 0.0999635 
0.999964 0.899207 0.798544 0.698054 0.597793 0.497793 0.398054 0.298544 0.199207 0.099964 
0.999964 0.899217 0.798562 0.698076 0.597819 0.497819 0.398076 0.298562 0.199217 0.0999644 
0.999965 0.899226 0.798578 0.698099 0.597844 0.497844 0.398099 0.298578 0.199226 0.0999648 
0.999965 0.899235 0.798595 0.698121 0.59787 0.49787 0.398121 0.298595 0.199235 0.0999652 
0.999966 0.899244 0.798612 0.698143 0.597895 0.497895 0.398143 0.298612 0.199244 0.0999656 
0.999966 0.899253 0.798628 0.698165 0.597919 0.497919 0.398165 0.298628 0.199253 0.099966 
0.999966 0.899262 0.798644 0.698187 0.597944 0.497944 0.398187 0.298644 0.199262 0.0999664 
0.999967 0.89927 0.79866 0.698208 0.597968 0.497968 0.398208 0.29866 0.19927 0.0999668 
0.999967 0.899279 0.798676 0.698229 0.597992 0.497992 0.398229 0.298676 0.199279 0.0999672 
0.999968 0.899287 0.798691 0.69825 0.598015 0.498015 0.39825 0.298691 0.199287 0.0999676 
0.999968 0.899296 0.798707 0.69827 0.598039 0.498039 0.39827 0.298707 0.199296 0.099968 
0.999968 0.899304 0.798722 0.698291 0.598062 0.498062 0.398291 0.298722 0.199304 0.0999684 
0.999969 0.899312 0.798737 0.698311 0.598084 0.498084 0.398311 0.298737 0.199312 0.0999687 
0.999969 0.89932 0.798752 0.698331 0.598107 0.498107 0.398331 0.298752 0.19932 0.0999691 
0.999969 0.899328 0.798766 0.69835 0.598129 0.498129 0.39835 0.298766 0.199328 0.0999695 
0.99997 0.899336 0.798781 0.69837 0.598151 0.498151 0.39837 0.298781 0.199336 0.0999698 
0.99997 0.899344 0.798795 0.698389 0.598173 0.498173 0.398389 0.298795 0.199344 0.0999702 
0.999971 0.899352 0.798809 0.698408 0.598194 0.498194 0.398408 0.298809 0.199352 0.0999705 
0.999971 0.899359 0.798823 0.698427 0.598216 0.498216 0.398427 0.298823 0.199359 0.0999709 
0.999971 0.899367 0.798837 0.698445 0.598237 0.498237 0.398445 0.298837 0.199367 0.0999712 
0.999972 0.899374 0.798851 0.698463 0.598257 0.498257 0.398463 0.298851 0.199374 0.0999716 
0.999972 0.899382 0.798864 0.698481 0.598278 0.498278 0.398481 0.298864 0.199382 0.0999719 
0.999972 0.899389 0.798878 0.698499 0.598298 0.498298 0.398499 0.298878 0.199389 0.0999722 
0.999973 0.899396 0.798891 0.698517 0.598318 0.498318 0.398517 0.298891 0.199396 0.0999725 
0.999973 0.899403 0.798904 0.698534 0.598338 0.498338 0.398534 0.298904 0.199403 0.0999729 
0.999973 0.89941 0.798917 0.698551 0.598357 0.498357 0.398551 0.298917 0.19941 0.0999732 
0.999974 0.899417 0.798929 0.698568 0.598377 0.498377 0.398568 0.298929 0.199417 0.0999735 
0.999974 0.899424 0.798942 0.698585 0.598396 0.498396 0.398585 0.298942 0.199424 0.0999738 
0.999974 0.899431 0.798955 0.698602 0.598415 0.498415 0.398602 0.298955 0.199431 0.0999741 
0.999974 0.899437 0.798967 0.698618 0.598433 0.498433 0.398618 0.298967 0.199437 0.0999744 
0.999975 0.899444 0.798979 0.698635 0.598452 0.498452 0.398635 0.298979 0.199444 0.0999747 
0.999975 0.899451 0.798991 0.698651 0.59847 0.49847 0.398651 0.298991 0.199451 0.099975 
0.999975 0.899457 0.799003 0.698666 0.598488 0.498488 0.398666 0.299003 0.199457 0.0999753 
0.999976 0.899463 0.799014 0.698682 0.598505 0.498505 0.398682 0.299014 0.199463 0.0999756 
0.999976 0.89947 0.799026 0.698698 0.598523 0.498523 0.398698 0.299026 0.19947 0.0999759 
0.999976 0.899476 0.799038 0.698713 0.59854 0.49854 0.398713 0.299038 0.199476 0.0999762 
0.999976 0.899482 0.799049 0.698728 0.598558 0.498558 0.398728 0.299049 0.199482 0.0999765 
0.999977 0.899488 0.79906 0.698743 0.598575 0.498575 0.398743 0.29906 0.199488 0.0999767 
0.999977 0.899494 0.799071 0.698758 0.598591 0.498591 0.398758 0.299071 0.199494 0.099977 
0.999977 0.8995 0.799082 0.698772 0.598608 0.498608 0.398772 0.299082 0.1995 0.0999773 
0.999978 0.899506 0.799093 0.698787 0.598624 0.498624 0.398787 0.299093 0.199506 0.0999775 
0.999978 0.899512 0.799103 0.698801 0.59864 0.49864 0.398801 0.299103 0.199512 0.0999778 
0.999978 0.899517 0.799114 0.698815 0.598656 0.498656 0.398815 0.299114 0.199517 0.0999781 
0.999978 0.899523 0.799124 0.698829 0.598672 0.498672 0.398829 0.299124 0.199523 0.0999783 
0.999979 0.899529 0.799135 0.698843 0.598688 0.498688 0.398843 0.299135 0.199529 0.0999786 
0.999979 0.899534 0.799145 0.698856 0.598703 0.498703 0.398856 0.299145 0.199534 0.0999788 
0.999979 0.89954 0.799155 0.69887 0.598718 0.498718 0.39887 0.299155 0.19954 0.0999791 
0.999979 0.899545 0.799165 0.698883 0.598733 0.498733 0.398883 0.299165 0.199545 0.0999793 
0.99998 0.899551 0.799175 0.698896 0.598748 0.498748 0.398896 0.299175 0.199551 0.0999796 
0.99998 0.899556 0.799184 0.698909 0.598763 0.498763 0.398909 0.299184 0.199556 0.0999798 
0.99998 0.899561 0.799194 0.698922 0.598778 0.498778 0.398922 0.299194 0.199561 0.09998 
0.99998 0.899566 0.799203 0.698935 0.598792 0.498792 0.398935 0.299203 0.199566 0.0999803 
0.999981 0.899571 0.799213 0.698947 0.598806 0.498806 0.398947 0.299213 0.199571 0.0999805 
0.999981 0.899576 0.799222 0.69896 0.59882 0.49882 0.39896 0.299222 0.199576 0.0999807 
0.999981 0.899581 0.799231 0.698972 0.598834 0.498834 0.398972 0.299231 0.199581 0.099981 
0.999981 0.899586 0.79924 0.698984 0.598848 0.498848 0.398984 0.29924 0.199586 0.0999812 
0.999981 0.899591 0.799249 0.698996 0.598861 0.498861 0.398996 0.299249 0.199591 0.0999814 
0.999982 0.899596 0.799258 0.699008 0.598875 0.498875 0.399008 0.299258 0.199596 0.0999816 
0.999982 0.899601 0.799267 0.699019 0.598888 0.498888 0.399019 0.299267 0.199601 0.0999818 
0.999982 0.899605 0.799275 0.699031 0.598901 0.498901 0.399031 0.299275 0.199605 0.0999821 
0.999982 0.89961 0.799284 0.699042 0.598914 0.498914 0.399042 0.299284 0.19961 0.0999823 
0.999982 0.899615 0.799292 0.699053 0.598927 0.498927 0.399053 0.299292 0.199615 0.0999825 
0.999983 0.899619 0.7993 0.699065 0.598939 0.498939 0.399065 0.2993 0.199619 0.0999827 
0.999983 0.899624 0.799309 0.699076 0.598952 0.498952 0.399076 0.299309 0.199624 0.0999829 
0.999983 0.899628 0.799317 0.699086 0.598964 0.498964 0.399086 0.299317 0.199628 0.0999831 
0.999983 0.899632 0.799325 0.699097 0.598976 0.498976 0.399097 0.299325 0.199632 0.0999833 
0.999983 0.899637 0.799333 0.699108 0.598988 0.498988 0.399108 0.299333 0.199637 0.0999835 
0.999984 0.899641 0.799341 0.699118 0.599 0.499 0.399118 0.299341 0.199641 0.0999837 
0.999984 0.899645 0.799348 0.699129 0.599012 0.499012 0.399129 0.299348 0.199645 0.0999839 
0.999984 0.899649 0.799356 0.699139 0.599023 0.499023 0.399139 0.299356 0.199649 0.0999841 
0.999984 0.899653 0.799364 0.699149 0.599035 0.499035 0.399149 0.299364 0.199653 0.0999842 
0.999984 0.899658 0.799371 0.699159 0.599046 0.499046 0.399159 0.299371 0.199658 0.0999844 
0.999985 0.899662 0.799378 0.699169 0.599057 0.499057 0.399169 0.299378 0.199662 0.0999846 
0.999985 0.899666 0.799386 0.699179 0.599068 0.499068 0.399179 0.299386 0.199666 0.0999848 
0.999985 0.899669 0.799393 0.699188 0.599079 0.499079 0.399188 0.299393 0.199669 0.099985 
0.999985 0.899673 0.7994 0.699198 0.59909 0.49909 0.399198 0.2994 0.199673 0.0999852 
0.999985 0.899677 0.799407 0.699207 0.599101 0.499101 0.399207 0.299407 0.199677 0.0999853 
0.999985 0.899681 0.799414 0.699217 0.599111 0.499111 0.399217 0.299414 0.199681 0.0999855 
0.999986 0.899685 0.799421 0.699226 0.599122 0.499122 0.399226 0.299421 0.199685 0.0999857 
0.999986 0.899688 0.799428 0.699235 0.599132 0.499132 0.399235 0.299428 0.199688 0.0999858 
0.999986 0.899692 0.799435 0.699244 0.599142 0.499142 0.399244 0.299435 0.199692 0.099986 
0.999986 0.899696 0.799441 0.699253 0.599153 0.499153 0.399253 0.299441 0.199696 0.0999862 
0.999986 0.899699 0.799448 0.699261 0.599162 0.499162 0.399261 0.299448 0.199699 0.0999863 
0.999986 0.899703 0.799454 0.69927 0.599172 0.499172 0.39927 0.299454 0.199703 0.0999865 
0.999987 0.899706 0.799461 0.699279 0.599182 0.499182 0.399279 0.299461 0.199706 0.0999866 
0.999987 0.89971 0.799467 0.699287 0.599192 0.499192 0.399287 0.299467 0.19971 0.0999868 
0.999987 0.899713 0.799473 0.699296 0.599201 0.499201 0.399296 0.299473 0.199713 0.099987 
0.999987 0.899717 0.799479 0.699304 0.599211 0.499211 0.399304 0.299479 0.199717 0.0999871 
0.999987 0.89972 0.799486 0.699312 0.59922 0.49922 0.399312 0.299486 0.19972 0.0999873 
0.999987 0.899723 0.799492 0.69932 0.599229 0.499229 0.39932 0.299492 0.199723 0.0999874 
0.999988 0.899726 0.799498 0.699328 0.599238 0.499238 0.399328 0.299498 0.199726 0.0999876 
0.999988 0.89973 0.799503 0.699336 0.599247 0.499247 0.399336 0.299503 0.19973 0.0999877 
0.999988 0.899733 0.799509 0.699344 0.599256 0.499256 0.399344 0.299509 0.199733 0.0999879 
0.999988 0.899736 0.799515 0.699351 0.599265 0.499265 0.399351 0.299515 0.199736 0.099988 
0.999988 0.899739 0.799521 0.699359 0.599273 0.499273 0.399359 0.299521 0.199739 0.0999881 
0.999988 0.899742 0.799526 0.699367 0.599282 0.499282 0.399367 0.299526 0.199742 0.0999883 
0.999988 0.899745 0.799532 0.699374 0.59929 0.49929 0.399374 0.299532 0.199745 0.0999884 
0.999989 0.899748 0.799537 0.699381 0.599299 0.499299 0.399381 0.299537 0.199748 0.0999886 
0.999989 0.899751 0.799543 0.699389 0.599307 0.499307 0.399389 0.299543 0.199751 0.0999887 
0.999989 0.899754 0.799548 0.699396 0.599315 0.499315 0.399396 0.299548 0.199754 0.0999888 
0.999989 0.899757 0.799554 0.699403 0.599323 0.499323 0.399403 0.299554 0.199757 0.0999889 
0.999989 0.89976 0.799559 0.69941 0.599331 0.499331 0.39941 0.299559 0.19976 0.0999891 
0.999989 0.899763 0.799564 0.699417 0.599339 0.499339 0.399417 0.299564 0.199763 0.0999892 
0.999989 0.899765 0.799569 0.699424 0.599347 0.499347 0.399424 0.299569 0.199765 0.0999893 
0.999989 0.899768 0.799574 0.699431 0.599354 0.499354 0.399431 0.299574 0.199768 0.0999895 
0.99999 0.899771 0.799579 0.699437 0.599362 0.499362 0.399437 0.299579 0.199771 0.0999896 
0.99999 0.899774 0.799584 0.699444 0.599369 0.499369 0.399444 0.299584 0.199774 0.0999897 
0.99999 0.899776 0.799589 0.69945 0.599377 0.499377 0.39945 0.299589 0.199776 0.0999898 
0.99999 0.899779 0.799594 0.699457 0.599384 0.499384 0.399457 0.299594 0.199779 0.0999899 
0.99999 0.899781 0.799599 0.699463 0.599391 0.499391 0.399463 0.299599 0.199781 0.0999901 
0.99999 0.899784 0.799603 0.69947 0.599398 0.499398 0.39947 0.299603 0.199784 0.0999902 
0.99999 0.899787 0.799608 0.699476 0.599406 0.499406 0.399476 0.299608 0.199787 0.0999903 
0.99999 0.899789 0.799613 0.699482 0.599412 0.499412 0.399482 0.299613 0.199789 0.0999904 
0.999991 0.899792 0.799617 0.699488 0.599419 0.499419 0.399488 0.299617 0.199792 0.0999905 
0.999991 0.899794 0.799622 0.699494 0.599426 0.499426 0.399494 0.299622 0.199794 0.0999906 
0.999991 0.899796 0.799626 0.6995 0.599433 0.499433 0.3995 0.299626 0.199796 0.0999907 
0.999991 0.899799 0.79963 0.699506 0.59944 0.49944 0.399506 0.29963 0.199799 0.0999909 
0.999991 0.899801 0.799635 0.699512 0.599446 0.499446 0.399512 0.299635 0.199801 0.099991 
0.999991 0.899803 0.799639 0.699517 0.599453 0.499453 0.399517 0.299639 0.199803 0.0999911 
0.999991 0.899806 0.799643 0.699523 0.599459 0.499459 0.399523 0.299643 0.199806 0.0999912 
0.999991 0.899808 0.799648 0.699529 0.599465 0.499465 0.399529 0.299648 0.199808 0.0999913 
0.999991 0.89981 0.799652 0.699534 0.599472 0.499472 0.399534 0.299652 0.19981 0.0999914 
0.999991 0.899813 0.799656 0.69954 0.599478 0.499478 0.39954 0.299656 0.199813 0.0999915 
0.999992 0.899815 0.79966 0.699545 0.599484 0.499484 0.399545 0.29966 0.199815 0.0999916 
0.999992 0.899817 0.799664 0.69955 0.59949 0.49949 0.39955 0.299664 0.199817 0.0999917 
0.999992 0.899819 0.799668 0.699556 0.599496 0.499496 0.399556 0.299668 0.199819 0.0999918 
0.999992 0.899821 0.799672 0.699561 0.599502 0.499502 0.399561 0.299672 0.199821 0.0999919 
0.999992 0.899823 0.799676 0.699566 0.599508 0.499508 0.399566 0.299676 0.199823 0.099992 
0.999992 0.899825 0.799679 0.699571 0.599514 0.499514 0.399571 0.299679 0.199825 0.0999921 
0.999992 0.899827 0.799683 0.699576 0.599519 0.499519 0.399576 0.299683 0.199827 0.0999922 
0.999992 0.899829 0.799687 0.699581 0.599525 0.499525 0.399581 0.299687 0.199829 0.0999922 
0.999992 0.899831 0.799691 0.699586 0.599531 0.499531 0.399586 0.299691 0.199831 0.0999923 
0.999992 0.899833 0.799694 0.699591 0.599536 0.499536 0.399591 0.299694 0.199833 0.0999924 
0.999993 0.899835 0.799698 0.699596 0.599542 0.499542 0.399596 0.299698 0.199835 0.0999925 
0.999993 0.899837 0.799701 0.699601 0.599547 0.499547 0.399601 0.299701 0.199837 0.0999926 
0.999993 0.899839 0.799705 0.699605 0.599552 0.499552 0.399605 0.299705 0.199839 0.0999927 
0.999993 0.899841 0.799708 0.69961 0.599558 0.499558 0.39961 0.299708 0.199841 0.0999928 
0.999993 0.899843 0.799712 0.699614 0.599563 0.499563 0.399614 0.299712 0.199843 0.0999929 
0.999993 0.899845 0.799715 0.699619 0.599568 0.499568 0.399619 0.299715 0.199845 0.0999929 
0.999993 0.899847 0.799718 0.699623 0.599573 0.499573 0.399623 0.299718 0.199847 0.099993 
0.999993 0.899848 0.799722 0.699628 0.599578 0.499578 0.399628 0.299722 0.199848 0.0999931 
0.999993 0.89985 0.799725 0.699632 0.599583 0.499583 0.399632 0.299725 0.19985 0.0999932 
0.999993 0.899852 0.799728 0.699637 0.599588 0.499588 0.399637 0.299728 0.199852 0.0999933 
0.999993 0.899854 0.799731 0.699641 0.599593 0.499593 0.399641 0.299731 0.199854 0.0999934 
0.999993 0.899855 0.799735 0.699645 0.599597 0.499597 0.399645 0.299735 0.199855 0.0999934 
0.999994 0.899857 0.799738 0.699649 0.599602 0.499602 0.399649 0.299738 0.199857 0.0999935 
0.999994 0.899859 0.799741 0.699653 0.599607 0.499607 0.399653 0.299741 0.199859 0.0999936 
0.999994 0.89986 0.799744 0.699657 0.599612 0.499612 0.399657 0.299744 0.19986 0.0999937 
0.999994 0.899862 0.799747 0.699661 0.599616 0.499616 0.399661 0.299747 0.199862 0.0999937 
0.999994 0.899864 0.79975 0.699665 0.599621 0.499621 0.399665 0.29975 0.199864 0.0999938 
0.999994 0.899865 0.799753 0.699669 0.599625 0.499625 0.399669 0.299753 0.199865 0.0999939 
0.999994 0.899867 0.799756 0.699673 0.599629 0.499629 0.399673 0.299756 0.199867 0.099994 
0.999994 0.899869 0.799759 0.699677 0.599634 0.499634 0.399677 0.299759 0.199869 0.099994 
0.999994 0.89987 0.799761 0.699681 0.599638 0.499638 0.399681 0.299761 0.19987 0.0999941 
0.999994 0.899872 0.799764 0.699685 0.599642 0.499642 0.399685 0.299764 0.199872 0.0999942 
0.999994 0.899873 0.799767 0.699688 0.599647 0.499647 0.399688 0.299767 0.199873 0.0999942 
0.999994 0.899875 0.79977 0.699692 0.599651 0.499651 0.399692 0.29977 0.199875 0.0999943 
0.999994 0.899876 0.799772 0.699696 0.599655 0.499655 0.399696 0.299772 0.199876 0.0999944 
0.999994 0.899878 0.799775 0.699699 0.599659 0.499659 0.399699 0.299775 0.199878 0.0999944 
0.999994 0.899879 0.799778 0.699703 0.599663 0.499663 0.399703 0.299778 0.199879 0.0999945 
0.999995 0.89988 0.79978 0.699706 0.599667 0.499667 0.399706 0.29978 0.19988 0.0999946 
0.999995 0.899882 0.799783 0.69971 0.599671 0.499671 0.39971 0.299783 0.199882 0.0999946 
0.999995 0.899883 0.799785 0.699713 0.599675 0.499675 0.399713 0.299785 0.199883 0.0999947 
0.999995 0.899885 0.799788 0.699716 0.599678 0.499678 0.399716 0.299788 0.199885 0.0999948 
0.999995 0.899886 0.79979 0.69972 0.599682 0.499682 0.39972 0.29979 0.199886 0.0999948 
0.999995 0.899887 0.799793 0.699723 0.599686 0.499686 0.399723 0.299793 0.199887 0.0999949 
0.999995 0.899889 0.799795 0.699726 0.59969 0.49969 0.399726 0.299795 0.199889 0.0999949 
0.999995 0.89989 0.799798 0.69973 0.599693 0.499693 0.39973 0.299798 0.19989 0.099995 
0.999995 0.899891 0.7998 0.699733 0.599697 0.499697 0.399733 0.2998 0.199891 0.0999951 
0.999995 0.899892 0.799802 0.699736 0.5997 0.4997 0.399736 0.299802 0.199892 0.0999951 
0.999995 0.899894 0.799805 0.699739 0.599704 0.499704 0.399739 0.299805 0.199894 0.0999952 
0.999995 0.899895 0.799807 0.699742 0.599707 0.499707 0.399742 0.299807 0.199895 0.0999952 
0.999995 0.899896 0.799809 0.699745 0.599711 0.499711 0.399745 0.299809 0.199896 0.0999953 
0.999995 0.899897 0.799812 0.699748 0.599714 0.499714 0.399748 0.299812 0.199897 0.0999953 
0.999995 0.899899 0.799814 0.699751 0.599718 0.499718 0.399751 0.299814 0.199899 0.0999954 
0.999995 0.8999 0.799816 0.699754 0.599721 0.499721 0.399754 0.299816 0.1999 0.0999954 
0.999995 0.899901 0.799818 0.699757 0.599724 0.499724 0.399757 0.299818 0.199901 0.0999955 
0.999996 0.899902 0.79982 0.69976 0.599727 0.499727 0.39976 0.29982 0.199902 0.0999956 
0.999996 0.899903 0.799822 0.699763 0.599731 0.499731 0.399763 0.299822 0.199903 0.0999956 
0.999996 0.899904 0.799824 0.699765 0.599734 0.499734 0.399765 0.299824 0.199904 0.0999957 
0.999996 0.899906 0.799827 0.699768 0.599737 0.499737 0.399768 0.299827 0.199906 0.0999957 
0.999996 0.899907 0.799829 0.699771 0.59974 0.49974 0.399771 0.299829 0.199907 0.0999958 
0.999996 0.899908 0.799831 0.699773 0.599743 0.499743 0.399773 0.299831 0.199908 0.0999958 
0.999996 0.899909 0.799833 0.699776 0.599746 0.499746 0.399776 0.299833 0.199909 0.0999959 
0.999996 0.89991 0.799835 0.699779 0.599749 0.499749 0.399779 0.299835 0.19991 0.0999959 
0.999996 0.899911 0.799837 0.699781 0.599752 0.499752 0.399781 0.299837 0.199911 0.099996 
0.999996 0.899912 0.799838 0.699784 0.599755 0.499755 0.399784 0.299838 0.199912 0.099996 
0.999996 0.899913 0.79984 0.699786 0.599758 0.499758 0.399786 0.29984 0.199913 0.099996 
0.999996 0.899914 0.799842 0.699789 0.599761 0.499761 0.399789 0.299842 0.199914 0.0999961 
0.999996 0.899915 0.799844 0.699791 0.599764 0.499764 0.399791 0.299844 0.199915 0.0999961 
0.999996 0.899916 0.799846 0.699794 0.599766 0.499766 0.399794 0.299846 0.199916 0.0999962 
0.999996 0.899917 0.799848 0.699796 0.599769 0.499769 0.399796 0.299848 0.199917 0.0999962 
0.999996 0.899918 0.799849 0.699799 0.599772 0.499772 0.399799 0.299849 0.199918 0.0999963 
0.999996 0.899919 0.799851 0.699801 0.599774 0.499774 0.399801 0.299851 0.199919 0.0999963 
0.999996 0.89992 0.799853 0.699803 0.599777 0.499777 0.399803 0.299853 0.19992 0.0999964 
0.999996 0.899921 0.799855 0.699806 0.59978 0.49978 0.399806 0.299855 0.199921 0.0999964 
0.999996 0.899922 0.799856 0.699808 0.599782 0.499782 0.399808 0.299856 0.199922 0.0999964 
0.999996 0.899923 0.799858 0.69981 0.599785 0.499785 0.39981 0.299858 0.199923 0.0999965 
0.999997 0.899924 0.79986 0.699813 0.599787 0.499787 0.399813 0.29986 0.199924 0.0999965 
0.999997 0.899925 0.799861 0.699815 0.59979 0.49979 0.399815 0.299861 0.199925 0.0999966 
0.999997 0.899925 0.799863 0.699817 0.599792 0.499792 0.399817 0.299863 0.199925 0.0999966 
0.999997 0.899926 0.799865 0.699819 0.599795 0.499795 0.399819 0.299865 0.199926 0.0999967 
0.999997 0.899927 0.799866 0.699821 0.599797 0.499797 0.399821 0.299866 0.199927 0.0999967 
0.999997 0.899928 0.799868 0.699823 0.5998 0.4998 0.399823 0.299868 0.199928 0.0999967 
0.999997 0.899929 0.799869 0.699825 0.599802 0.499802 0.399825 0.299869 0.199929 0.0999968 
0.999997 0.89993 0.799871 0.699827 0.599804 0.499804 0.399827 0.299871 0.19993 0.0999968 
0.999997 0.899931 0.799872 0.699829 0.599807 0.499807 0.399829 0.299872 0.199931 0.0999968 
0.999997 0.899931 0.799874 0.699831 0.599809 0.499809 0.399831 0.299874 0.199931 0.0999969 
0.999997 0.899932 0.799875 0.699833 0.599811 0.499811 0.399833 0.299875 0.199932 0.0999969 
0.999997 0.899933 0.799877 0.699835 0.599813 0.499813 0.399835 0.299877 0.199933 0.099997 
0.999997 0.899934 0.799878 0.699837 0.599815 0.499815 0.399837 0.299878 0.199934 0.099997 
0.999997 0.899935 0.79988 0.699839 0.599818 0.499818 0.399839 0.29988 0.199935 0.099997 
0.999997 0.899935 0.799881 0.699841 0.59982 0.49982 0.399841 0.299881 0.199935 0.0999971 
0.999997 0.899936 0.799883 0.699843 0.599822 0.499822 0.399843 0.299883 0.199936 0.0999971 
0.999997 0.899937 0.799884 0.699845 0.599824 0.499824 0.399845 0.299884 0.199937 0.0999971 
0.999997 0.899938 0.799885 0.699847 0.599826 0.499826 0.399847 0.299885 0.199938 0.0999972 
0.999997 0.899938 0.799887 0.699848 0.599828 0.499828 0.399848 0.299887 0.199938 0.0999972 
0.999997 0.899939 0.799888 0.69985 0.59983 0.49983 0.39985 0.299888 0.199939 0.0999972 
0.999997 0.89994 0.799889 0.699852 0.599832 0.499832 0.399852 0.299889 0.19994 0.0999973 
0.999997 0.89994 0.799891 0.699854 0.599834 0.499834 0.399854 0.299891 0.19994 0.0999973 
0.999997 0.899941 0.799892 0.699855 0.599836 0.499836 0.399855 0.299892 0.199941 0.0999973 
0.999997 0.899942 0.799893 0.699857 0.599838 0.499838 0.399857 0.299893 0.199942 0.0999974 
0.999997 0.899943 0.799894 0.699859 0.59984 0.49984 0.399859 0.299894 0.199943 0.0999974 
0.999997 0.899943 0.799896 0.69986 0.599842 0.499842 0.39986 0.299896 0.199943 0.0999974 
0.999997 0.899944 0.799897 0.699862 0.599844 0.499844 0.399862 0.299897 0.199944 0.0999974 
0.999997 0.899945 0.799898 0.699864 0.599845 0.499845 0.399864 0.299898 0.199945 0.0999975 
0.999998 0.899945 0.799899 0.699865 0.599847 0.499847 0.399865 0.299899 0.199945 0.0999975 
0.999998 0.899946 0.7999 0.699867 0.599849 0.499849 0.399867 0.2999 0.199946 0.0999975 
0.999998 0.899946 0.799902 0.699868 0.599851 0.499851 0.399868 0.299902 0.199946 0.0999976 
0.999998 0.899947 0.799903 0.69987 0.599853 0.499853 0.39987 0.299903 0.199947 0.0999976 
0.999998 0.899948 0.799904 0.699872 0.599854 0.499854 0.399872 0.299904 0.199948 0.0999976 
0.999998 0.899948 0.799905 0.699873 0.599856 0.499856 0.399873 0.299905 0.199948 0.0999977 
0.999998 0.899949 0.799906 0.699875 0.599858 0.499858 0.399875 0.299906 0.199949 0.0999977 
0.999998 0.89995 0.799907 0.699876 0.599859 0.499859 0.399876 0.299907 0.19995 0.0999977 
0.999998 0.89995 0.799908 0.699877 0.599861 0.499861 0.399877 0.299908 0.19995 0.0999977 
0.999998 0.899951 0.799909 0.699879 0.599863 0.499863 0.399879 0.299909 0.199951 0.0999978 
0.999998 0.899951 0.799911 0.69988 0.599864 0.499864 0.39988 0.299911 0.199951 0.0999978 
0.999998 0.899952 0.799912 0.699882 0.599866 0.499866 0.399882 0.299912 0.199952 0.0999978 
0.999998 0.899952 0.799913 0.699883 0.599867 0.499867 0.399883 0.299913 0.199952 0.0999978 
0.999998 0.899953 0.799914 0.699885 0.599869 0.499869 0.399885 0.299914 0.199953 0.0999979 
0.999998 0.899954 0.799915 0.699886 0.599871 0.499871 0.399886 0.299915 0.199954 0.0999979 
0.999998 0.899954 0.799916 0.699887 0.599872 0.499872 0.399887 0.299916 0.199954 0.0999979 
0.999998 0.899955 0.799917 0.699889 0.599874 0.499874 0.399889 0.299917 0.199955 0.0999979 
0.999998 0.899955 0.799918 0.69989 0.599875 0.499875 0.39989 0.299918 0.199955 0.099998 
0.999998 0.899956 0.799919 0.699891 0.599877 0.499877 0.399891 0.299919 0.199956 0.099998 
0.999998 0.899956 0.79992 0.699892 0.599878 0.499878 0.399892 0.29992 0.199956 0.099998 
0.999998 0.899957 0.79992 0.699894 0.599879 0.499879 0.399894 0.29992 0.199957 0.099998 
0.999998 0.899957 0.799921 0.699895 0.599881 0.499881 0.399895 0.299921 0.199957 0.0999981 
0.999998 0.899958 0.799922 0.699896 0.599882 0.499882 0.399896 0.299922 0.199958 0.0999981 
0.999998 0.899958 0.799923 0.699897 0.599884 0.499884 0.399897 0.299923 0.199958 0.0999981 
0.999998 0.899959 0.799924 0.699899 0.599885 0.499885 0.399899 0.299924 0.199959 0.0999981 
0.999998 0.899959 0.799925 0.6999 0.599886 0.499886 0.3999 0.299925 0.199959 0.0999981 
0.999998 0.89996 0.799926 0.699901 0.599888 0.499888 0.399901 0.299926 0.19996 0.0999982 
0.999998 0.89996 0.799927 0.699902 0.599889 0.499889 0.399902 0.299927 0.19996 0.0999982 
0.999998 0.899961 0.799928 0.699903 0.59989 0.49989 0.399903 0.299928 0.199961 0.0999982 
0.999998 0.899961 0.799929 0.699904 0.599892 0.499892 0.399904 0.299929 0.199961 0.0999982 
0.999998 0.899962 0.799929 0.699906 0.599893 0.499893 0.399906 0.299929 0.199962 0.0999983 
0.999998 0.899962 0.79993 0.699907 0.599894 0.499894 0.399907 0.29993 0.199962 0.0999983 
0.999998 0.899962 0.799931 0.699908 0.599895 0.499895 0.399908 0.299931 0.199962 0.0999983 
0.999998 0.899963 0.799932 0.699909 0.599897 0.499897 0.399909 0.299932 0.199963 0.0999983 
0.999998 0.899963 0.799933 0.69991 0.599898 0.499898 0.39991 0.299933 0.199963 0.0999983 
0.999998 0.899964 0.799933 0.699911 0.599899 0.499899 0.399911 0.299933 0.199964 0.0999984 
0.999998 0.899964 0.799934 0.699912 0.5999 0.4999 0.399912 0.299934 0.199964 0.0999984 
0.999998 0.899965 0.799935 0.699913 0.599901 0.499901 0.399913 0.299935 0.199965 0.0999984 
0.999998 0.899965 0.799936 0.699914 0.599903 0.499903 0.399914 0.299936 0.199965 0.0999984 
0.999998 0.899965 0.799936 0.699915 0.599904 0.499904 0.399915 0.299936 0.199965 0.0999984 
0.999998 0.899966 0.799937 0.699916 0.599905 0.499905 0.399916 0.299937 0.199966 0.0999984 
0.999998 0.899966 0.799938 0.699917 0.599906 0.499906 0.399917 0.299938 0.199966 0.0999985 
0.999998 0.899967 0.799939 0.699918 0.599907 0.499907 0.399918 0.299939 0.199967 0.0999985 
0.999999 0.899967 0.799939 0.699919 0.599908 0.499908 0.399919 0.299939 0.199967 0.0999985 
0.999999 0.899967 0.79994 0.69992 0.599909 0.499909 0.39992 0.29994 0.199967 0.0999985 
0.999999 0.899968 0.799941 0.699921 0.59991 0.49991 0.399921 0.299941 0.199968 0.0999985 
0.999999 0.899968 0.799942 0.699922 0.599911 0.499911 0.399922 0.299942 0.199968 0.0999986 
0.999999 0.899969 0.799942 0.699923 0.599912 0.499912 0.399923 0.299942 0.199969 0.0999986 
0.999999 0.899969 0.799943 0.699924 0.599913 0.499913 0.399924 0.299943 0.199969 0.0999986 
0.999999 0.899969 0.799944 0.699925 0.599914 0.499914 0.399925 0.299944 0.199969 0.0999986 
0.999999 0.89997 0.799944 0.699925 0.599915 0.499915 0.399925 0.299944 0.19997 0.0999986 
0.999999 0.89997 0.799945 0.699926 0.599916 0.499916 0.399926 0.299945 0.19997 0.0999986 
0.999999 0.89997 0.799946 0.699927 0.599917 0.499917 0.399927 0.299946 0.19997 0.0999987 
0.999999 0.899971 0.799946 0.699928 0.599918 0.499918 0.399928 0.299946 0.199971 0.0999987 
0.999999 0.899971 0.799947 0.699929 0.599919 0.499919 0.399929 0.299947 0.199971 0.0999987 
0.999999 0.899971 0.799947 0.69993 0.59992 0.49992 0.39993 0.299947 0.199971 0.0999987 
0.999999 0.899972 0.799948 0.699931 0.599921 0.499921 0.399931 0.299948 0.199972 0.0999987 
0.999999 0.899972 0.799949 0.699931 0.599922 0.499922 0.399931 0.299949 0.199972 0.0999987 
0.999999 0.899972 0.799949 0.699932 0.599923 0.499923 0.399932 0.299949 0.199972 0.0999987 
0.999999 0.899973 0.79995 0.699933 0.599924 0.499924 0.399933 0.29995 0.199973 0.0999988 
0.999999 0.899973 0.79995 0.699934 0.599925 0.499925 0.399934 0.29995 0.199973 0.0999988 
0.999999 0.899973 0.799951 0.699935 0.599926 0.499926 0.399935 0.299951 0.199973 0.0999988 
0.999999 0.899974 0.799952 0.699935 0.599927 0.499927 0.399935 0.299952 0.199974 0.0999988 
0.999999 0.899974 0.799952 0.699936 0.599927 0.499927 0.399936 0.299952 0.199974 0.0999988 
0.999999 0.899974 0.799953 0.699937 0.599928 0.499928 0.399937 0.299953 0.199974 0.0999988 
0.999999 0.899975 0.799953 0.699938 0.599929 0.499929 0.399938 0.299953 0.199975 0.0999988 
0.999999 0.899975 0.799954 0.699938 0.59993 0.49993 0.399938 0.299954 0.199975 0.0999989 
0.999999 0.899975 0.799954 0.699939 0.599931 0.499931 0.399939 0.299954 0.199975 0.0999989 
0.999999 0.899975 0.799955 0.69994 0.599932 0.499932 0.39994 0.299955 0.199975 0.0999989 
0.999999 0.899976 0.799955 0.69994 0.599932 0.499932 0.39994 0.299955 0.199976 0.0999989 
0.999999 0.899976 0.799956 0.699941 0.599933 0.499933 0.399941 0.299956 0.199976 0.0999989 
0.999999 0.899976 0.799956 0.699942 0.599934 0.499934 0.399942 0.299956 0.199976 0.0999989 
0.999999 0.899977 0.799957 0.699942 0.599935 0.499935 0.399942 0.299957 0.199977 0.0999989 
0.999999 0.899977 0.799958 0.699943 0.599936 0.499936 0.399943 0.299958 0.199977 0.0999989 
0.999999 0.899977 0.799958 0.699944 0.599936 0.499936 0.399944 0.299958 0.199977 0.099999 
0.999999 0.899977 0.799958 0.699944 0.599937 0.499937 0.399944 0.299958 0.199977 0.099999 
0.999999 0.899978 0.799959 0.699945 0.599938 0.499938 0.399945 0.299959 0.199978 0.099999 
0.999999 0.899978 0.799959 0.699946 0.599939 0.499939 0.399946 0.299959 0.199978 0.099999 
0.999999 0.899978 0.79996 0.699946 0.599939 0.499939 0.399946 0.29996 0.199978 0.099999 
0.999999 0.899978 0.79996 0.699947 0.59994 0.49994 0.399947 0.29996 0.199978 0.099999 
0.999999 0.899979 0.799961 0.699948 0.599941 0.499941 0.399948 0.299961 0.199979 0.099999 
0.999999 0.899979 0.799961 0.699948 0.599941 0.499941 0.399948 0.299961 0.199979 0.099999 
0.999999 0.899979 0.799962 0.699949 0.599942 0.499942 0.399949 0.299962 0.199979 0.0999991 
0.999999 0.899979 0.799962 0.69995 0.599943 0.499943 0.39995 0.299962 0.199979 0.0999991 
0.999999 0.89998 0.799963 0.69995 0.599943 0.499943 0.39995 0.299963 0.19998 0.0999991 
0.999999 0.89998 0.799963 0.699951 0.599944 0.499944 0.399951 0.299963 0.19998 0.0999991 
0.999999 0.89998 0.799964 0.699951 0.599945 0.499945 0.399951 0.299964 0.19998 0.0999991 
0.999999 0.89998 0.799964 0.699952 0.599945 0.499945 0.399952 0.299964 0.19998 0.0999991 
0.999999 0.899981 0.799964 0.699952 0.599946 0.499946 0.399952 0.299964 0.199981 0.0999991 
0.999999 0.899981 0.799965 0.699953 0.599947 0.499947 0.399953 0.299965 0.199981 0.0999991 
0.999999 0.899981 0.799965 0.699954 0.599947 0.499947 0.399954 0.299965 0.199981 0.0999991 
0.999999 0.899981 0.799966 0.699954 0.599948 0.499948 0.399954 0.299966 0.199981 0.0999991 
0.999999 0.899982 0.799966 0.699955 0.599949 0.499949 0.399955 0.299966 0.199982 0.0999992 
0.999999 0.899982 0.799966 0.699955 0.599949 0.499949 0.399955 0.299966 0.199982 0.0999992 
0.999999 0.899982 0.799967 0.699956 0.59995 0.49995 0.399956 0.299967 0.199982 0.0999992 
0.999999 0.899982 0.799967 0.699956 0.59995 0.49995 0.399956 0.299967 0.199982 0.0999992 
0.999999 0.899982 0.799968 0.699957 0.599951 0.499951 0.399957 0.299968 0.199982 0.0999992 
0.999999 0.899983 0.799968 0.699957 0.599951 0.499951 0.399957 0.299968 0.199983 0.0999992 
0.999999 0.899983 0.799968 0.699958 0.599952 0.499952 0.399958 0.299968 0.199983 0.0999992 
0.999999 0.899983 0.799969 0.699958 0.599953 0.499953 0.399958 0.299969 0.199983 0.0999992 
0.999999 0.899983 0.799969 0.699959 0.599953 0.499953 0.399959 0.299969 0.199983 0.0999992 
0.999999 0.899983 0.799969 0.699959 0.599954 0.499954 0.399959 0.299969 0.199983 0.0999992 
0.999999 0.899984 0.79997 0.69996 0.599954 0.499954 0.39996 0.29997 0.199984 0.0999993 
0.999999 0.899984 0.79997 0.69996 0.599955 0.499955 0.39996 0.29997 0.199984 0.0999993 
0.999999 0.899984 0.799971 0.699961 0.599955 0.499955 0.399961 0.299971 0.199984 0.0999993 
0.999999 0.899984 0.799971 0.699961 0.599956 0.499956 0.399961 0.299971 0.199984 0.0999993 
0.999999 0.899984 0.799971 0.699962 0.599956 0.499956 0.399962 0.299971 0.199984 0.0999993 
0.999999 0.899985 0.799972 0.699962 0.599957 0.499957 0.399962 0.299972 0.199985 0.0999993 
0.999999 0.899985 0.799972 0.699962 0.599957 0.499957 0.399962 0.299972 0.199985 0.0999993 
0.999999 0.899985 0.799972 0.699963 0.599958 0.499958 0.399963 0.299972 0.199985 0.0999993 
0.999999 0.899985 0.799973 0.699963 0.599958 0.499958 0.399963 0.299973 0.199985 0.0999993 
0.999999 0.899985 0.799973 0.699964 0.599959 0.499959 0.399964 0.299973 0.199985 0.0999993 
0.999999 0.899985 0.799973 0.699964 0.599959 0.499959 0.399964 0.299973 0.199985 0.0999993 
0.999999 0.899986 0.799974 0.699965 0.59996 0.49996 0.399965 0.299974 0.199986 0.0999993 
0.999999 0.899986 0.799974 0.699965 0.59996 0.49996 0.399965 0.299974 0.199986 0.0999994 
0.999999 0.899986 0.799974 0.699965 0.599961 0.499961 0.399965 0.299974 0.199986 0.0999994 
0.999999 0.899986 0.799974 0.699966 0.599961 0.499961 0.399966 0.299974 0.199986 0.0999994 
0.999999 0.899986 0.799975 0.699966 0.599962 0.499962 0.399966 0.299975 0.199986 0.0999994 
0.999999 0.899986 0.799975 0.699967 0.599962 0.499962 0.399967 0.299975 0.199986 0.0999994 
0.999999 0.899987 0.799975 0.699967 0.599963 0.499963 0.399967 0.299975 0.199987 0.0999994 
0.999999 0.899987 0.799976 0.699967 0.599963 0.499963 0.399967 0.299976 0.199987 0.0999994 
0.999999 0.899987 0.799976 0.699968 0.599963 0.499963 0.399968 0.299976 0.199987 0.0999994 
0.999999 0.899987 0.799976 0.699968 0.599964 0.499964 0.399968 0.299976 0.199987 0.0999994 
0.999999 0.899987 0.799976 0.699969 0.599964 0.499964 0.399969 0.299976 0.199987 0.0999994 
0.999999 0.899987 0.799977 0.699969 0.599965 0.499965 0.399969 0.299977 0.199987 0.0999994 
0.999999 0.899987 0.799977 0.699969 0.599965 0.499965 0.399969 0.299977 0.199987 0.0999994 
0.999999 0.899988 0.799977 0.69997 0.599966 0.499966 0.39997 0.299977 0.199988 0.0999994 
0.999999 0.899988 0.799978 0.69997 0.599966 0.499966 0.39997 0.299978 0.199988 0.0999994 
0.999999 0.899988 0.799978 0.69997 0.599966 0.499966 0.39997 0.299978 0.199988 0.0999995 
0.999999 0.899988 0.799978 0.699971 0.599967 0.499967 0.399971 0.299978 0.199988 0.0999995 
0.999999 0.899988 0.799978 0.699971 0.599967 0.499967 0.399971 0.299978 0.199988 0.0999995 
0.999999 0.899988 0.799979 0.699971 0.599968 0.499968 0.399971 0.299979 0.199988 0.0999995 
0.999999 0.899988 0.799979 0.699972 0.599968 0.499968 0.399972 0.299979 0.199988 0.0999995 
0.999999 0.899989 0.799979 0.699972 0.599968 0.499968 0.399972 0.299979 0.199989 0.0999995 
0.999999 0.899989 0.799979 0.699972 0.599969 0.499969 0.399972 0.299979 0.199989 0.0999995 
0.999999 0.899989 0.79998 0.699973 0.599969 0.499969 0.399973 0.29998 0.199989 0.0999995 
1 0.899989 0.79998 0.699973 0.599969 0.499969 0.399973 0.29998 0.199989 0.0999995 
1 0.899989 0.79998 0.699973 0.59997 0.49997 0.399973 0.29998 0.199989 0.0999995 
1 0.899989 0.79998 0.699974 0.59997 0.49997 0.399974 0.29998 0.199989 0.0999995 
1 0.899989 0.799981 0.699974 0.59997 0.49997 0.399974 0.299981 0.199989 0.0999995 
1 0.89999 0.799981 0.699974 0.599971 0.499971 0.399974 0.299981 0.19999 0.0999995 
1 0.89999 0.799981 0.699975 0.599971 0.499971 0.399975 0.299981 0.19999 0.0999995 
1 0.89999 0.799981 0.699975 0.599971 0.499971 0.399975 0.299981 0.19999 0.0999995 
1 0.89999 0.799981 0.699975 0.599972 0.499972 0.399975 0.299981 0.19999 0.0999995 
1 0.89999 0.799982 0.699975 0.599972 0.499972 0.399975 0.299982 0.19999 0.0999995 
1 0.89999 0.799982 0.699976 0.599972 0.499972 0.399976 0.299982 0.19999 0.0999996 
1 0.89999 0.799982 0.699976 0.599973 0.499973 0.399976 0.299982 0.19999 0.0999996 
1 0.89999 0.799982 0.699976 0.599973 0.499973 0.399976 0.299982 0.19999 0.0999996 
1 0.89999 0.799982 0.699977 0.599973 0.499973 0.399977 0.299982 0.19999 0.0999996 
1 0.899991 0.799983 0.699977 0.599974 0.499974 0.399977 0.299983 0.199991 0.0999996 
1 0.899991 0.799983 0.699977 0.599974 0.499974 0.399977 0.299983 0.199991 0.0999996 
1 0.899991 0.799983 0.699977 0.599974 0.499974 0.399977 0.299983 0.199991 0.0999996 
1 0.899991 0.799983 0.699978 0.599975 0.499975 0.399978 0.299983 0.199991 0.0999996 
1 0.899991 0.799983 0.699978 0.599975 0.499975 0.399978 0.299983 0.199991 0.0999996 
1 0.899991 0.799984 0.699978 0.599975 0.499975 0.399978 0.299984 0.199991 0.0999996 
1 0.899991 0.799984 0.699978 0.599976 0.499976 0.399978 0.299984 0.199991 0.0999996 
1 0.899991 0.799984 0.699979 0.599976 0.499976 0.399979 0.299984 0.199991 0.0999996 
1 0.899991 0.799984 0.699979 0.599976 0.499976 0.399979 0.299984 0.199991 0.0999996 
1 0.899992 0.799984 0.699979 0.599976 0.499976 0.399979 0.299984 0.199992 0.0999996 
1 0.899992 0.799985 0.699979 0.599977 0.499977 0.399979 0.299985 0.199992 0.0999996 
1 0.899992 0.799985 0.69998 0.599977 0.499977 0.39998 0.299985 0.199992 0.0999996 
1 0.899992 0.799985 0.69998 0.599977 0.499977 0.39998 0.299985 0.199992 0.0999996 
1 0.899992 0.799985 0.69998 0.599977 0.499977 0.39998 0.299985 0.199992 0.0999996 
1 0.899992 0.799985 0.69998 0.599978 0.499978 0.39998 0.299985 0.199992 0.0999996 
1 0.899992 0.799986 0.699981 0.599978 0.499978 0.399981 0.299986 0.199992 0.0999996 
1 0.899992 0.799986 0.699981 0.599978 0.499978 0.399981 0.299986 0.199992 0.0999996 
1 0.899992 0.799986 0.699981 0.599979 0.499979 0.399981 0.299986 0.199992 0.0999996 
1 0.899992 0.799986 0.699981 0.599979 0.499979 0.399981 0.299986 0.199992 0.0999997 
1 0.899992 0.799986 0.699982 0.599979 0.499979 0.399982 0.299986 0.199992 0.0999997 
1 0.899993 0.799986 0.699982 0.599979 0.499979 0.399982 0.299986 0.199993 0.0999997 
1 0.899993 0.799986 0.699982 0.59998 0.49998 0.399982 0.299986 0.199993 0.0999997 
1 0.899993 0.799987 0.699982 0.59998 0.49998 0.399982 0.299987 0.199993 0.0999997 
1 0.899993 0.799987 0.699982 0.59998 0.49998 0.399982 0.299987 0.199993 0.0999997 
1 0.899993 0.799987 0.699983 0.59998 0.49998 0.399983 0.299987 0.199993 0.0999997 
1 0.899993 0.799987 0.699983 0.59998 0.49998 0.399983 0.299987 0.199993 0.0999997 
1 0.899993 0.799987 0.699983 0.599981 0.499981 0.399983 0.299987 0.199993 0.0999997 
1 0.899993 0.799987 0.699983 0.599981 0.499981 0.399983 0.299987 0.199993 0.0999997 
1 0.899993 0.799988 0.699983 0.599981 0.499981 0.399983 0.299988 0.199993 0.0999997 
1 0.899993 0.799988 0.699984 0.599981 0.499981 0.399984 0.299988 0.199993 0.0999997 
1 0.899993 0.799988 0.699984 0.599982 0.499982 0.399984 0.299988 0.199993 0.0999997 
1 0.899993 0.799988 0.699984 0.599982 0.499982 0.399984 0.299988 0.199993 0.0999997 
1 0.899994 0.799988 0.699984 0.599982 0.499982 0.399984 0.299988 0.199994 0.0999997 
1 0.899994 0.799988 0.699984 0.599982 0.499982 0.399984 0.299988 0.199994 0.0999997 
1 0.899994 0.799988 0.699985 0.599982 0.499982 0.399985 0.299988 0.199994 0.0999997 
1 0.899994 0.799989 0.699985 0.599983 0.499983 0.399985 0.299989 0.199994 0.0999997 
1 0.899994 0.799989 0.699985 0.599983 0.499983 0.399985 0.299989 0.199994 0.0999997 
1 0.899994 0.799989 0.699985 0.599983 0.499983 0.399985 0.299989 0.199994 0.0999997 
1 0.899994 0.799989 0.699985 0.599983 0.499983 0.399985 0.299989 0.199994 0.0999997 
1 0.899994 0.799989 0.699985 0.599983 0.499983 0.399985 0.299989 0.199994 0.0999997 
1 0.899994 0.799989 0.699986 0.599984 0.499984 0.399986 0.299989 0.199994 0.0999997 
1 0.899994 0.799989 0.699986 0.599984 0.499984 0.399986 0.299989 0.199994 0.0999997 
1 0.899994 0.799989 0.699986 0.599984 0.499984 0.399986 0.299989 0.199994 0.0999997 
1 0.899994 0.79999 0.699986 0.599984 0.499984 0.399986 0.29999 0.199994 0.0999997 
1 0.899994 0.79999 0.699986 0.599984 0.499984 0.399986 0.29999 0.199994 0.0999997 
1 0.899994 0.79999 0.699986 0.599985 0.499985 0.399986 0.29999 0.199994 0.0999997 
1 0.899995 0.79999 0.699987 0.599985 0.499985 0.399987 0.29999 0.199995 0.0999998 
1 0.899995 0.79999 0.699987 0.599985 0.499985 0.399987 0.29999 0.199995 0.0999998 
1 0.899995 0.79999 0.699987 0.599985 0.499985 0.399987 0.29999 0.199995 0.0999998 
1 0.899995 0.79999 0.699987 0.599985 0.499985 0.399987 0.29999 0.199995 0.0999998 
1 0.899995 0.79999 0.699987 0.599985 0.499985 0.399987 0.29999 0.199995 0.0999998 
1 0.899995 0.799991 0.699987 0.599986 0.499986 0.399987 0.299991 0.199995 0.0999998 
1 0.899995 0.799991 0.699987 0.599986 0.499986 0.399987 0.299991 0.199995 0.0999998 
1 0.899995 0.799991 0.699988 0.599986 0.499986 0.399988 0.299991 0.199995 0.0999998 
1 0.899995 0.799991 0.699988 0.599986 0.499986 0.399988 0.299991 0.199995 0.0999998 
1 0.899995 0.799991 0.699988 0.599986 0.499986 0.399988 0.299991 0.199995 0.0999998 
1 0.899995 0.799991 0.699988 0.599986 0.499986 0.399988 0.299991 0.199995 0.0999998 
1 0.899995 0.799991 0.699988 0.599987 0.499987 0.399988 0.299991 0.199995 0.0999998 
1 0.899995 0.799991 0.699988 0.599987 0.499987 0.399988 0.299991 0.199995 0.0999998 
1 0.899995 0.799991 0.699988 0.599987 0.499987 0.399988 0.299991 0.199995 0.0999998 
1 0.899995 0.799991 0.699989 0.599987 0.499987 0.399989 0.299991 0.199995 0.0999998 
1 0.899995 0.799992 0.699989 0.599987 0.499987 0.399989 0.299992 0.199995 0.0999998 
1 0.899995 0.799992 0.699989 0.599987 0.499987 0.399989 0.299992 0.199995 0.0999998 
1 0.899996 0.799992 0.699989 0.599988 0.499988 0.399989 0.299992 0.199996 0.0999998 
1 0.899996 0.799992 0.699989 0.599988 0.499988 0.399989 0.299992 0.199996 0.0999998 
1 0.899996 0.799992 0.699989 0.599988 0.499988 0.399989 0.299992 0.199996 0.0999998 
1 0.899996 0.799992 0.699989 0.599988 0.499988 0.399989 0.299992 0.199996 0.0999998 
1 0.899996 0.799992 0.69999 0.599988 0.499988 0.39999 0.299992 0.199996 0.0999998 
1 0.899996 0.799992 0.69999 0.599988 0.499988 0.39999 0.299992 0.199996 0.0999998 
1 0.899996 0.799992 0.69999 0.599988 0.499988 0.39999 0.299992 0.199996 0.0999998 
1 0.899996 0.799992 0.69999 0.599989 0.499989 0.39999 0.299992 0.199996 0.0999998 
1 0.899996 0.799993 0.69999 0.599989 0.499989 0.39999 0.299993 0.199996 0.0999998 
1 0.899996 0.799993 0.69999 0.599989 0.499989 0.39999 0.299993 0.199996 0.0999998 
1 0.899996 0.799993 0.69999 0.599989 0.499989 0.39999 0.299993 0.199996 0.0999998 
1 0.899996 0.799993 0.69999 0.599989 0.499989 0.39999 0.299993 0.199996 0.0999998 
1 0.899996 0.799993 0.69999 0.599989 0.499989 0.39999 0.299993 0.199996 0.0999998 
1 0.899996 0.799993 0.699991 0.599989 0.499989 0.399991 0.299993 0.199996 0.0999998 
1 0.899996 0.799993 0.699991 0.599989 0.499989 0.399991 0.299993 0.199996 0.0999998 
1 0.899996 0.799993 0.699991 0.59999 0.49999 0.399991 0.299993 0.199996 0.0999998 
1 0.899996 0.799993 0.699991 0.59999 0.49999 0.399991 0.299993 0.199996 0.0999998 
1 0.899996 0.799993 0.699991 0.59999 0.49999 0.399991 0.299993 0.199996 0.0999998 
1 0.899996 0.799993 0.699991 0.59999 0.49999 0.399991 0.299993 0.199996 0.0999998 
1 0.899996 0.799993 0.699991 0.59999 0.49999 0.399991 0.299993 0.199996 0.0999998 
1 0.899996 0.799994 0.699991 0.59999 0.49999 0.399991 0.299994 0.199996 0.0999998 
1 0.899997 0.799994 0.699991 0.59999 0.49999 0.399991 0.299994 0.199997 0.0999998 
1 0.899997 0.799994 0.699992 0.59999 0.49999 0.399992 0.299994 0.199997 0.0999998 
1 0.899997 0.799994 0.699992 0.599991 0.499991 0.399992 0.299994 0.199997 0.0999998 
1 0.899997 0.799994 0.699992 0.599991 0.499991 0.399992 0.299994 0.199997 0.0999998 
1 0.899997 0.799994 0.699992 0.599991 0.499991 0.399992 0.299994 0.199997 0.0999998 
1 0.899997 0.799994 0.699992 0.599991 0.499991 0.399992 0.299994 0.199997 0.0999999 
1 0.899997 0.799994 0.699992 0.599991 0.499991 0.399992 0.299994 0.199997 0.0999999 
1 0.899997 0.799994 0.699992 0.599991 0.499991 0.399992 0.299994 0.199997 0.0999999 
1 0.899997 0.799994 0.699992 0.599991 0.499991 0.399992 0.299994 0.199997 0.0999999 
1 0.899997 0.799994 0.699992 0.599991 0.499991 0.399992 0.299994 0.199997 0.0999999 
1 0.899997 0.799994 0.699992 0.599991 0.499991 0.399992 0.299994 0.199997 0.0999999 
1 0.899997 0.799994 0.699992 0.599991 0.499991 0.399992 0.299994 0.199997 0.0999999 
1 0.899997 0.799994 0.699993 0.599992 0.499992 0.399993 0.299994 0.199997 0.0999999 
1 0.899997 0.799994 0.699993 0.599992 0.499992 0.399993 0.299994 0.199997 0.0999999 
1 0.899997 0.799995 0.699993 0.599992 0.499992 0.399993 0.299995 0.199997 0.0999999 
1 0.899997 0.799995 0.699993 0.599992 0.499992 0.399993 0.299995 0.199997 0.0999999 
1 0.899997 0.799995 0.699993 0.599992 0.499992 0.399993 0.299995 0.199997 0.0999999 
1 0.899997 0.799995 0.699993 0.599992 0.499992 0.399993 0.299995 0.199997 0.0999999 
1 0.899997 0.799995 0.699993 0.599992 0.499992 0.399993 0.299995 0.199997 0.0999999 
1 0.899997 0.799995 0.699993 0.599992 0.499992 0.399993 0.299995 0.199997 0.0999999 
1 0.899997 0.799995 0.699993 0.599992 0.499992 0.399993 0.299995 0.199997 0.0999999 
1 0.899997 0.799995 0.699993 0.599992 0.499992 0.399993 0.299995 0.199997 0.0999999 
1 0.899997 0.799995 0.699993 0.599992 0.499992 0.399993 0.299995 0.199997 0.0999999 
1 0.899997 0.799995 0.699993 0.599993 0.499993 0.399993 0.299995 0.199997 0.0999999 
1 0.899997 0.799995 0.699994 0.599993 0.499993 0.399994 0.299995 0.199997 0.0999999 
1 0.899997 0.799995 0.699994 0.599993 0.499993 0.399994 0.299995 0.199997 0.0999999 
1 0.899997 0.799995 0.699994 0.599993 0.499993 0.399994 0.299995 0.199997 0.0999999 
1 0.899997 0.799995 0.699994 0.599993 0.499993 0.399994 0.299995 0.199997 0.0999999 
1 0.899997 0.799995 0.699994 0.599993 0.499993 0.399994 0.299995 0.199997 0.0999999 
1 0.899998 0.799995 0.699994 0.599993 0.499993 0.399994 0.299995 0.199998 0.0999999 
1 0.899998 0.799996 0.699994 0.599993 0.499993 0.399994 0.299996 0.199998 0.0999999 
1 0.899998 0.799996 0.699994 0.599993 0.499993 0.399994 0.299996 0.199998 0.0999999 
1 0.899998 0.799996 0.699994 0.599993 0.499993 0.399994 0.299996 0.199998 0.0999999 
1 0.899998 0.799996 0.699994 0.599993 0.499993 0.399994 0.299996 0.199998 0.0999999 
1 0.899998 0.799996 0.699994 0.599993 0.499993 0.399994 0.299996 0.199998 0.0999999 
1 0.899998 0.799996 0.699994 0.599994 0.499994 0.399994 0.299996 0.199998 0.0999999 
1 0.899998 0.799996 0.699994 0.599994 0.499994 0.399994 0.299996 0.199998 0.0999999 
1 0.899998 0.799996 0.699994 0.599994 0.499994 0.399994 0.299996 0.199998 0.0999999 
1 0.899998 0.799996 0.699995 0.599994 0.499994 0.399995 0.299996 0.199998 0.0999999 
1 0.899998 0.799996 0.699995 0.599994 0.499994 0.399995 0.299996 0.199998 0.0999999 
1 0.899998 0.799996 0.699995 0.599994 0.499994 0.399995 0.299996 0.199998 0.0999999 
1 0.899998 0.799996 0.699995 0.599994 0.499994 0.399995 0.299996 0.199998 0.0999999 
1 0.899998 0.799996 0.699995 0.599994 0.499994 0.399995 0.299996 0.199998 0.0999999 
1 0.899998 0.799996 0.699995 0.599994 0.499994 0.399995 0.299996 0.199998 0.0999999 
1 0.899998 0.799996 0.699995 0.599994 0.499994 0.399995 0.299996 0.199998 0.0999999 
1 0.899998 0.799996 0.699995 0.599994 0.499994 0.399995 0.299996 0.199998 0.0999999 
1 0.899998 0.799996 0.699995 0.599994 0.499994 0.399995 0.299996 0.199998 0.0999999 
1 0.899998 0.799996 0.699995 0.599994 0.499994 0.399995 0.299996 0.199998 0.0999999 
1 0.899998 0.799996 0.699995 0.599994 0.499994 0.399995 0.299996 0.199998 0.0999999 
1 0.899998 0.799996 0.699995 0.599995 0.499995 0.399995 0.299996 0.199998 0.0999999 
1 0.899998 0.799996 0.699995 0.599995 0.499995 0.399995 0.299996 0.199998 0.0999999 
1 0.899998 0.799996 0.699995 0.599995 0.499995 0.399995 0.299996 0.199998 0.0999999 
1 0.899998 0.799997 0.699995 0.599995 0.499995 0.399995 0.299997 0.199998 0.0999999 
1 0.899998 0.799997 0.699995 0.599995 0.499995 0.399995 0.299997 0.199998 0.0999999 
1 0.899998 0.799997 0.699995 0.599995 0.499995 0.399995 0.299997 0.199998 0.0999999 
1 0.899998 0.799997 0.699996 0.599995 0.499995 0.399996 0.299997 0.199998 0.0999999 
