   1.0000        0        0        0        0        0        0        0        0        0        0        0        0        0        0        0        0        0        0        0
   1.0000   0.4970   0.2963   0.2005   0.1468   0.1129   0.0894   0.0722   0.0589   0.0484   0.0398   0.0327   0.0267   0.0215   0.0170   0.0131   0.0095   0.0062   0.0030        0
   1.0000   0.6915   0.4878   0.3587   0.2740   0.2153   0.1727   0.1404   0.1151   0.0948   0.0781   0.0642   0.0524   0.0423   0.0335   0.0257   0.0187   0.0122   0.0060        0
   1.0000   0.7813   0.6048   0.4727   0.3750   0.3018   0.2456   0.2016   0.1663   0.1375   0.1137   0.0936   0.0766   0.0619   0.0491   0.0377   0.0273   0.0178   0.0088        0
   1.0000   0.8288   0.6774   0.5522   0.4515   0.3711   0.3065   0.2540   0.2110   0.1753   0.1454   0.1200   0.0984   0.0796   0.0631   0.0485   0.0352   0.0229   0.0113        0
   1.0000   0.8565   0.7237   0.6071   0.5078   0.4246   0.3551   0.2971   0.2484   0.2074   0.1725   0.1428   0.1172   0.0950   0.0754   0.0579   0.0421   0.0274   0.0135        0
   1.0000   0.8737   0.7538   0.6447   0.5482   0.4644   0.3923   0.3307   0.2781   0.2332   0.1946   0.1615   0.1327   0.1077   0.0856   0.0658   0.0478   0.0312   0.0154        0
   1.0000   0.8844   0.7731   0.6696   0.5758   0.4924   0.4191   0.3554   0.3002   0.2525   0.2113   0.1756   0.1446   0.1174   0.0934   0.0718   0.0522   0.0341   0.0168        0
   1.0000   0.8907   0.7847   0.6848   0.5930   0.5101   0.4364   0.3715   0.3148   0.2654   0.2225   0.1852   0.1526   0.1240   0.0986   0.0759   0.0552   0.0360   0.0178        0
   1.0000   0.8936   0.7901   0.6921   0.6013   0.5188   0.4449   0.3795   0.3221   0.2719   0.2281   0.1900   0.1566   0.1273   0.1013   0.0780   0.0567   0.0370   0.0183        0
   1.0000   0.8936   0.7901   0.6921   0.6013   0.5188   0.4449   0.3795   0.3221   0.2719   0.2281   0.1900   0.1566   0.1273   0.1013   0.0780   0.0567   0.0370   0.0183        0
   1.0000   0.8907   0.7847   0.6848   0.5930   0.5101   0.4364   0.3715   0.3148   0.2654   0.2225   0.1852   0.1526   0.1240   0.0986   0.0759   0.0552   0.0360   0.0178        0
   1.0000   0.8844   0.7731   0.6696   0.5758   0.4924   0.4191   0.3554   0.3002   0.2525   0.2113   0.1756   0.1446   0.1174   0.0934   0.0718   0.0522   0.0341   0.0168        0
   1.0000   0.8737   0.7538   0.6447   0.5482   0.4644   0.3923   0.3307   0.2781   0.2332   0.1946   0.1615   0.1327   0.1077   0.0856   0.0658   0.0478   0.0312   0.0154        0
   1.0000   0.8565   0.7237   0.6071   0.5078   0.4246   0.3551   0.2971   0.2484   0.2074   0.1725   0.1428   0.1172   0.0950   0.0754   0.0579   0.0421   0.0274   0.0135        0
   1.0000   0.8288   0.6774   0.5522   0.4515   0.3711   0.3065   0.2540   0.2110   0.1753   0.1454   0.1200   0.0984   0.0796   0.0631   0.0485   0.0352   0.0229   0.0113        0
   1.0000   0.7813   0.6048   0.4727   0.3750   0.3018   0.2456   0.2016   0.1663   0.1375   0.1137   0.0936   0.0766   0.0619   0.0491   0.0377   0.0273   0.0178   0.0088        0
   1.0000   0.6915   0.4878   0.3587   0.2740   0.2153   0.1727   0.1404   0.1151   0.0948   0.0781   0.0642   0.0524   0.0423   0.0335   0.0257   0.0187   0.0122   0.0060        0
   1.0000   0.4970   0.2963   0.2005   0.1468   0.1129   0.0894   0.0722   0.0589   0.0484   0.0398   0.0327   0.0267   0.0215   0.0170   0.0131   0.0095   0.0062   0.0030        0
   1.0000        0        0        0        0        0        0        0        0        0        0        0        0        0        0        0        0        0        0        0
