   1.0000        0        0        0        0        0        0        0        0        0
   1.0000   0.4863   0.2760   0.1723   0.1128   0.0748   0.0485   0.0292   0.0137        0
   1.0000   0.6691   0.4455   0.3004   0.2041   0.1377   0.0902   0.0545   0.0256        0
   1.0000   0.7447   0.5364   0.3798   0.2653   0.1819   0.1202   0.0729   0.0344        0
   1.0000   0.7734   0.5756   0.4170   0.2956   0.2044   0.1357   0.0825   0.0390        0
   1.0000   0.7734   0.5756   0.4170   0.2956   0.2044   0.1357   0.0825   0.0390        0
   1.0000   0.7447   0.5364   0.3798   0.2653   0.1819   0.1202   0.0729   0.0344        0
   1.0000   0.6691   0.4455   0.3004   0.2041   0.1377   0.0902   0.0545   0.0256        0
   1.0000   0.4863   0.2760   0.1723   0.1128   0.0748   0.0485   0.0292   0.0137        0
   1.0000        0        0        0        0        0        0        0        0        0
